10.380	10.968	13.300	18.34000	0.83668
10.380	10.944	13.300	18.36000	0.83797
10.380	10.919	13.300	18.38000	0.83889
10.380	10.895	13.300	18.41000	0.84064
10.380	10.871	13.300	18.43000	0.84155
10.380	10.846	13.300	18.45000	0.84285
10.380	10.822	13.300	18.47000	0.84376
10.380	10.798	13.300	18.49000	0.84506
10.380	10.773	13.300	18.51000	0.84598
10.380	10.749	13.300	18.54000	0.84774
10.380	10.725	13.300	18.56000	0.84865
10.380	10.700	13.300	18.58000	0.84995
10.380	10.676	13.300	18.60000	0.85087
10.380	10.652	13.300	18.62000	0.85217
10.380	10.627	13.300	18.64000	0.85348
10.380	10.603	13.300	18.66000	0.85440
10.380	10.579	13.300	18.68000	0.85570
10.380	10.554	13.300	18.70000	0.85819
10.380	10.530	13.300	18.72000	0.85911
10.380	10.506	13.300	18.74000	0.86003
10.380	10.481	13.300	18.76000	0.86134
10.380	10.457	13.300	18.78000	0.86186
10.380	10.433	13.300	18.79000	0.86193
10.380	10.408	13.300	18.81000	0.86324
10.380	10.384	13.300	18.83000	0.86455
10.380	10.360	13.300	18.85000	0.86587
10.380	10.335	13.300	18.87000	0.86719
10.380	10.311	13.300	18.88000	0.86765
10.380	10.287	13.300	18.90000	0.86897
10.380	10.262	13.300	18.92000	0.87029
10.380	10.238	13.300	18.93000	0.87115
10.380	10.214	13.300	18.95000	0.87247
10.380	10.189	13.300	18.97000	0.87379
10.380	10.165	13.300	18.98000	0.87465
10.380	10.141	13.300	19.00000	0.87598
10.380	10.116	13.300	19.01000	0.87685
10.380	10.092	13.300	19.03000	0.87817
10.380	10.068	13.300	19.04000	0.87904
10.380	10.043	13.300	19.06000	0.88037
10.380	10.019	13.300	19.07000	0.88124
10.380	9.995	13.300	19.09000	0.88257
10.380	9.970	13.300	19.10000	0.88344
10.380	9.946	13.300	19.11000	0.88472
10.380	9.922	13.300	19.13000	0.88606
10.380	9.897	13.300	19.14000	0.88693
10.380	9.873	13.300	19.15000	0.88781
10.380	9.849	13.300	19.17000	0.88915
10.380	9.824	13.300	19.18000	0.89002
10.380	9.800	13.300	19.19000	0.89131
10.380	9.776	13.300	19.20000	0.89219
10.380	9.751	13.300	19.21000	0.89307
10.380	9.727	13.300	19.23000	0.89442
10.380	9.703	13.300	19.24000	0.89572
10.380	9.678	13.300	19.25000	0.89660
10.380	9.654	13.300	19.26000	0.89748
10.380	9.630	13.300	19.27000	0.89879
10.380	9.605	13.300	19.28000	0.89967
10.380	9.581	13.300	19.29000	0.90098
10.380	9.557	13.300	19.30000	0.90187
10.380	9.532	13.300	19.31000	0.90318
10.380	9.508	13.300	19.31000	0.90360
10.380	9.484	13.300	19.32000	0.90449
10.380	9.459	13.300	19.33000	0.90624
10.380	9.435	13.300	19.34000	0.90756
10.380	9.411	13.300	19.35000	0.90845
10.380	9.386	13.300	19.35000	0.90930
10.380	9.362	13.300	19.36000	0.91020
10.380	9.338	13.300	19.37000	0.91110
10.380	9.313	13.300	19.37000	0.91196
10.380	10.903	13.500	17.36000	0.84190
10.380	10.879	13.500	17.38000	0.84287
10.380	10.854	13.500	17.40000	0.84425
10.380	10.830	13.500	17.42000	0.84563
10.380	10.805	13.500	17.44000	0.84660
10.380	10.781	13.500	17.46000	0.84798
10.380	10.756	13.500	17.48000	0.84937
10.380	10.732	13.500	17.50000	0.85034
10.380	10.707	13.500	17.52000	0.85173
10.380	10.683	13.500	17.53000	0.85263
10.380	10.658	13.500	17.55000	0.85360
10.380	10.634	13.500	17.57000	0.85499
10.380	10.609	13.500	17.59000	0.85638
10.380	10.585	13.500	17.60000	0.85728
10.380	10.560	13.500	17.62000	0.85993
10.380	10.536	13.500	17.64000	0.86091
10.380	10.511	13.500	17.65000	0.86140
10.380	10.487	13.500	17.67000	0.86279
10.380	10.462	13.500	17.69000	0.86377
10.380	10.438	13.500	17.70000	0.86384
10.380	10.413	13.500	17.72000	0.86523
10.380	10.389	13.500	17.73000	0.86615
10.380	10.364	13.500	17.75000	0.86755
10.380	10.340	13.500	17.76000	0.86846
10.380	10.315	13.500	17.78000	0.86986
10.380	10.291	13.500	17.79000	0.87078
10.380	10.266	13.500	17.81000	0.87218
10.380	10.242	13.500	17.82000	0.87310
10.380	10.217	13.500	17.84000	0.87451
10.380	10.193	13.500	17.85000	0.87543
10.380	10.168	13.500	17.86000	0.87635
10.380	10.144	13.500	17.88000	0.87819
10.380	10.119	13.500	17.89000	0.87912
10.380	10.095	13.500	17.90000	0.88004
10.380	10.070	13.500	17.91000	0.88096
10.380	10.046	13.500	17.93000	0.88238
10.380	10.021	13.500	17.94000	0.88331
10.380	9.997	13.500	17.95000	0.88467
10.380	9.972	13.500	17.96000	0.88560
10.380	9.948	13.500	17.97000	0.88653
10.380	9.923	13.500	17.98000	0.88746
10.380	9.899	13.500	17.99000	0.88883
10.380	9.874	13.500	18.00000	0.88977
10.380	9.850	13.500	18.01000	0.89070
10.380	9.825	13.500	18.02000	0.89164
10.380	9.801	13.500	18.03000	0.89302
10.380	9.776	13.500	18.04000	0.89395
10.380	9.752	13.500	18.05000	0.89534
10.380	9.727	13.500	18.06000	0.89628
10.380	9.703	13.500	18.07000	0.89722
10.380	9.678	13.500	18.08000	0.89861
10.380	9.654	13.500	18.09000	0.89955
10.380	9.629	13.500	18.09000	0.90045
10.380	9.605	13.500	18.10000	0.90139
10.380	9.580	13.500	18.11000	0.90279
10.380	9.556	13.500	18.12000	0.90419
10.380	9.531	13.500	18.12000	0.90464
10.380	9.507	13.500	18.13000	0.90605
10.380	9.482	13.500	18.13000	0.90650
10.380	9.458	13.500	18.14000	0.90836
10.380	9.433	13.500	18.15000	0.90977
10.380	9.408	13.500	18.15000	0.91023
10.380	9.384	13.500	18.16000	0.91165
10.380	9.359	13.500	18.16000	0.91210
10.380	9.335	13.500	18.17000	0.91307
10.380	9.310	13.500	18.17000	0.91398
10.380	9.286	13.500	18.17000	0.91490
10.380	9.261	13.500	18.18000	0.91633
10.380	9.237	13.500	18.18000	0.91726
10.380	10.837	13.700	16.45000	0.84750
10.380	10.813	13.700	16.46000	0.84845
10.380	10.788	13.700	16.48000	0.84948
10.380	10.763	13.700	16.49000	0.85044
10.380	10.739	13.700	16.51000	0.85191
10.380	10.714	13.700	16.53000	0.85338
10.380	10.689	13.700	16.54000	0.85434
10.380	10.665	13.700	16.56000	0.85581
10.380	10.640	13.700	16.57000	0.85633
10.380	10.615	13.700	16.59000	0.85781
10.380	10.591	13.700	16.60000	0.85921
10.380	10.566	13.700	16.62000	0.86159
10.380	10.541	13.700	16.63000	0.86255
10.380	10.517	13.700	16.65000	0.86359
10.380	10.492	13.700	16.66000	0.86411
10.380	10.467	13.700	16.67000	0.86508
10.380	10.443	13.700	16.69000	0.86566
10.380	10.418	13.700	16.70000	0.86663
10.380	10.393	13.700	16.71000	0.86760
10.380	10.369	13.700	16.73000	0.86954
10.380	10.344	13.700	16.74000	0.87051
10.380	10.319	13.700	16.75000	0.87149
10.380	10.295	13.700	16.76000	0.87246
10.380	10.270	13.700	16.78000	0.87396
10.380	10.245	13.700	16.79000	0.87493
10.380	10.221	13.700	16.80000	0.87591
10.380	10.196	13.700	16.81000	0.87735
10.380	10.171	13.700	16.82000	0.87833
10.380	10.147	13.700	16.83000	0.87931
10.380	10.122	13.700	16.84000	0.88029
10.380	10.097	13.700	16.85000	0.88174
10.380	10.073	13.700	16.86000	0.88272
10.380	10.048	13.700	16.87000	0.88371
10.380	10.023	13.700	16.88000	0.88516
10.380	9.999	13.700	16.89000	0.88615
10.380	9.974	13.700	16.90000	0.88714
10.380	9.949	13.700	16.91000	0.88860
10.380	9.925	13.700	16.92000	0.88959
10.380	9.900	13.700	16.93000	0.89058
10.380	9.875	13.700	16.94000	0.89205
10.380	9.850	13.700	16.94000	0.89252
10.380	9.826	13.700	16.95000	0.89399
10.380	9.801	13.700	16.96000	0.89499
10.380	9.776	13.700	16.97000	0.89646
10.380	9.752	13.700	16.97000	0.89693
10.380	9.727	13.700	16.98000	0.89841
10.380	9.702	13.700	16.99000	0.89942
10.380	9.678	13.700	16.99000	0.90037
10.380	9.653	13.700	17.00000	0.90138
10.380	9.628	13.700	17.00000	0.90234
10.380	9.604	13.700	17.01000	0.90383
10.380	9.579	13.700	17.01000	0.90431
10.380	9.554	13.700	17.02000	0.90580
10.380	9.530	13.700	17.02000	0.90677
10.380	9.505	13.700	17.03000	0.90778
10.380	9.480	13.700	17.03000	0.90875
10.380	9.456	13.700	17.03000	0.90972
10.380	9.431	13.700	17.04000	0.91123
10.380	9.406	13.700	17.04000	0.91221
10.380	9.382	13.700	17.04000	0.91318
10.380	9.357	13.700	17.05000	0.91421
10.380	9.332	13.700	17.05000	0.91519
10.380	9.308	13.700	17.05000	0.91617
10.380	9.283	13.700	17.05000	0.91667
10.380	9.258	13.700	17.05000	0.91765
10.380	9.234	13.700	17.06000	0.91918
10.380	9.209	13.700	17.06000	0.92017
10.380	9.184	13.700	17.06000	0.92117
10.380	9.160	13.700	17.06000	0.92216
