10.380	11.049	19.800	11.19000	0.88389
10.380	11.018	19.800	11.16000	0.88571
10.380	10.987	19.800	11.13000	0.88685
10.380	10.956	19.800	11.10000	0.88871
10.380	10.925	19.800	11.07000	0.88987
10.380	10.894	19.800	11.04000	0.89176
10.380	10.863	19.800	11.01000	0.89294
10.380	10.832	19.800	10.98000	0.89487
10.380	10.801	19.800	10.95000	0.89607
10.380	10.770	19.800	10.92000	0.89729
10.380	10.739	19.800	10.89000	0.89926
10.380	10.708	19.800	10.86000	0.90050
10.380	10.677	19.800	10.82000	0.90167
10.380	10.646	19.800	10.79000	0.90293
10.380	10.615	19.800	10.76000	0.90496
10.380	10.584	19.800	10.73000	0.90625
10.380	10.553	19.800	10.69000	0.90747
10.380	10.522	19.800	10.66000	0.90878
10.380	10.491	19.800	10.63000	0.91088
10.380	10.460	19.800	10.60000	0.91222
10.380	10.429	19.800	10.56000	0.91271
10.380	10.398	19.800	10.53000	0.91486
10.380	10.367	19.800	10.49000	0.91536
10.380	10.335	19.800	10.46000	0.91754
10.380	10.304	19.800	10.43000	0.91894
10.380	10.273	19.800	10.39000	0.92028
10.380	10.242	19.800	10.36000	0.92171
10.380	10.211	19.800	10.32000	0.92308
10.380	10.180	19.800	10.28000	0.92363
10.380	10.149	19.800	10.25000	0.92593
10.380	10.118	19.800	10.21000	0.92650
10.380	10.087	19.800	10.18000	0.92799
10.380	10.056	19.800	10.14000	0.92942
10.380	10.025	19.800	10.10000	0.93002
10.380	9.994	19.800	10.07000	0.93241
10.380	9.963	19.800	10.03000	0.93302
10.380	9.932	19.800	9.99400	0.93489
10.380	9.901	19.800	9.95700	0.93581
10.380	9.870	19.800	9.91900	0.93664
10.380	9.839	19.800	9.88200	0.93846
10.380	9.808	19.800	9.84400	0.93931
10.380	9.777	19.800	9.80600	0.94107
10.380	9.746	19.800	9.76800	0.94195
10.380	9.715	19.800	9.72900	0.94365
10.380	9.684	19.800	9.69000	0.94444
10.380	9.653	19.800	9.65200	0.94535
10.380	9.622	19.800	9.61300	0.94709
10.380	9.591	19.800	9.57300	0.94782
10.380	9.559	19.800	9.53400	0.94960
10.380	9.528	19.800	9.49400	0.95054
10.380	9.497	19.800	9.45400	0.95178
10.380	9.466	19.800	9.41500	0.95313
10.380	9.435	19.800	9.37400	0.95419
10.380	9.404	19.800	9.33400	0.95537
10.380	9.373	19.800	9.29400	0.95657
10.380	9.342	19.800	9.25300	0.95767
10.380	9.311	19.800	9.21200	0.95888
10.380	9.280	19.800	9.17100	0.96001
10.380	9.249	19.800	9.13000	0.96126
10.380	9.218	19.800	9.08900	0.96241
10.380	9.187	19.800	9.04700	0.96357
10.380	9.156	19.800	9.00500	0.96465
10.380	9.125	19.800	8.96400	0.96595
10.380	9.094	19.800	8.92200	0.96715
10.380	9.063	19.800	8.87900	0.96816
10.380	9.032	19.800	8.83700	0.96939
10.380	9.001	19.800	8.79500	0.97054
10.380	8.970	19.800	8.75200	0.97169
10.380	8.939	19.800	8.70900	0.97286
10.380	8.908	19.800	8.66600	0.97393
10.380	8.877	19.800	8.62300	0.97512
10.380	8.846	19.800	8.58000	0.97622
10.380	8.814	19.800	8.53700	0.97744
10.380	8.783	19.800	8.49300	0.97857
10.380	8.752	19.800	8.45000	0.97971
10.380	8.721	19.800	8.40600	0.98086
10.380	8.690	19.800	8.36200	0.98192
10.380	8.659	19.800	8.31800	0.98310
10.380	8.628	19.800	8.27400	0.98418
10.380	8.597	19.800	8.23000	0.98539
10.380	8.566	19.800	8.18500	0.98638
10.380	8.535	19.800	8.14100	0.98751
10.380	8.504	19.800	8.09600	0.98864
10.380	8.473	19.800	8.05100	0.98967
10.380	8.442	19.800	8.00700	0.99097
10.380	8.411	19.800	7.96200	0.99203
10.380	8.380	19.800	7.91600	0.99298
10.380	8.349	19.800	7.87100	0.99419
10.380	8.318	19.800	7.82600	0.99529
10.380	8.287	19.800	7.78000	0.99629
10.380	8.256	19.800	7.73500	0.99742
10.380	8.225	19.800	7.68900	0.99844
10.380	8.194	19.800	7.64400	0.99961
10.380	8.163	19.800	7.59800	1.00079
10.380	8.132	19.800	7.55200	1.00186
10.380	8.101	19.800	7.50600	1.00294
10.380	8.069	19.800	7.46000	1.00404
10.380	8.038	19.800	7.41400	1.00515
10.380	8.007	19.800	7.36700	1.00601
10.380	7.976	19.800	7.32100	1.00715
10.380	7.945	19.800	7.27400	1.00818
10.380	7.914	19.800	7.22800	1.00936
10.380	7.883	19.800	7.18100	1.01027
10.380	7.852	19.800	7.13500	1.01148
10.380	7.821	19.800	7.08800	1.01257
10.380	7.790	19.800	7.04100	1.01353
10.380	7.759	19.800	6.99400	1.01465
10.380	7.728	19.800	6.94700	1.01564
10.380	7.697	19.800	6.90000	1.01680
10.380	7.666	19.800	6.85300	1.01782
10.380	7.635	19.800	6.80600	1.01901
10.380	7.604	19.800	6.75900	1.02007
10.380	7.573	19.800	6.71200	1.02115
10.380	7.542	19.800	6.66400	1.02209
10.380	7.511	19.800	6.61700	1.02319
10.380	7.480	19.800	6.57000	1.02432
10.380	7.449	19.800	6.52200	1.02531
10.380	7.418	19.800	6.47500	1.02647
10.380	7.387	19.800	6.42700	1.02750
10.380	7.356	19.800	6.38000	1.02870
10.380	7.325	19.800	6.33200	1.02959
10.380	7.293	19.800	6.28400	1.03067
10.380	7.262	19.800	6.23700	1.03176
10.380	7.231	19.800	6.18900	1.03288
10.380	7.200	19.800	6.14200	1.03401
10.380	7.169	19.800	6.09400	1.03499
10.380	7.138	19.800	6.04600	1.03598
10.380	7.107	19.800	5.99800	1.03700
10.380	7.076	19.800	5.95100	1.03821
10.380	7.045	19.800	5.90300	1.03926
10.380	7.014	19.800	5.85500	1.04015
10.380	6.983	19.800	5.80700	1.04124
10.380	6.952	19.800	5.76000	1.04235
10.380	6.921	19.800	5.71200	1.04348
10.380	6.890	19.800	5.66400	1.04444
10.380	6.859	19.800	5.61600	1.04542
10.380	6.828	19.800	5.56900	1.04661
10.380	6.797	19.800	5.52100	1.04763
10.380	6.766	19.800	5.47300	1.04867
10.380	6.735	19.800	5.42600	1.04992
10.380	6.704	19.800	5.37800	1.05080
10.380	6.673	19.800	5.33000	1.05170
10.380	6.642	19.800	5.28300	1.05302
10.380	6.611	19.800	5.23500	1.05396
10.380	6.580	19.800	5.18800	1.05511
10.380	6.548	19.800	5.14000	1.05609
10.380	6.517	19.800	5.09300	1.05730
10.380	6.486	19.800	5.04500	1.05810
10.380	6.455	19.800	4.99800	1.05935
10.380	6.424	19.800	4.95000	1.06018
10.380	6.393	19.800	4.90300	1.06126
10.380	6.362	19.800	4.85600	1.06235
10.380	6.331	19.800	4.80900	1.06347
10.380	6.300	19.800	4.76200	1.06461
10.380	6.269	19.800	4.71500	1.06578
10.380	6.238	19.800	4.66800	1.06673
10.380	6.207	19.800	4.62100	1.06770
10.380	6.176	19.800	4.57400	1.06869
10.380	6.145	19.800	4.52700	1.06971
10.380	6.114	19.800	4.48100	1.07098
10.380	6.083	19.800	4.43400	1.07205
10.380	6.052	19.800	4.38800	1.07312
10.380	6.021	19.800	4.34100	1.07397
10.380	5.990	19.800	4.29500	1.07509
10.380	5.959	19.800	4.24900	1.07624
10.380	5.928	19.800	4.20300	1.07742
10.380	5.897	19.800	4.15700	1.07862
10.380	5.866	19.800	4.11100	1.07957
10.380	5.835	19.800	4.06500	1.08054
10.380	5.803	19.800	4.01900	1.08154
10.380	5.772	19.800	3.97400	1.08283
10.380	5.741	19.800	3.92900	1.08386
10.380	5.710	19.800	3.88300	1.08494
10.380	5.679	19.800	3.83800	1.08602
10.380	5.648	19.800	3.79300	1.08713
10.380	5.617	19.800	3.74800	1.08795
10.380	5.586	19.800	3.70400	1.08941
10.380	5.555	19.800	3.65900	1.09029
10.380	5.524	19.800	3.61500	1.09149
10.380	5.493	19.800	3.57000	1.09241
10.380	5.462	19.800	3.52600	1.09333
10.380	5.431	19.800	3.48200	1.09462
10.380	5.400	19.800	3.43900	1.09592
10.380	5.369	19.800	3.39500	1.09693
10.380	5.338	19.800	3.35100	1.09761
10.380	5.307	19.800	3.30800	1.09900
10.380	5.276	19.800	3.26500	1.10007
10.380	5.245	19.800	3.22200	1.10116
10.380	5.214	19.800	3.18000	1.10264
10.380	5.183	19.800	3.13700	1.10341
10.380	5.152	19.800	3.09500	1.10457
10.380	5.121	19.800	3.05300	1.10576
10.380	5.090	19.800	3.01100	1.10699
10.380	5.059	19.800	2.96900	1.10784
10.380	5.027	19.800	2.92700	1.10871
10.380	4.996	19.800	2.88600	1.11000
10.380	4.965	19.800	2.84500	1.11089
10.380	4.934	19.800	2.80400	1.11226
10.380	4.903	19.800	2.76400	1.11362
10.380	4.872	19.800	2.72300	1.11416
10.380	4.841	19.800	2.68300	1.11559
10.380	10.975	20.000	10.67000	0.88769
10.380	10.944	20.000	10.64000	0.88963
10.380	10.913	20.000	10.61000	0.89085
10.380	10.882	20.000	10.58000	0.89283
10.380	10.850	20.000	10.55000	0.89407
10.380	10.819	20.000	10.52000	0.89532
10.380	10.788	20.000	10.49000	0.89735
10.380	10.756	20.000	10.46000	0.89863
10.380	10.725	20.000	10.43000	0.90069
10.380	10.694	20.000	10.40000	0.90199
10.380	10.663	20.000	10.37000	0.90331
10.380	10.631	20.000	10.34000	0.90543
10.380	10.600	20.000	10.30000	0.90589
10.380	10.569	20.000	10.27000	0.90724
10.380	10.537	20.000	10.24000	0.90941
10.380	10.506	20.000	10.20000	0.90990
10.380	10.475	20.000	10.17000	0.91211
10.380	10.444	20.000	10.14000	0.91351
10.380	10.412	20.000	10.10000	0.91403
10.380	10.381	20.000	10.07000	0.91629
10.380	10.350	20.000	10.04000	0.91773
10.380	10.318	20.000	10.00000	0.91912
10.380	10.287	20.000	9.96800	0.92041
10.380	10.256	20.000	9.93400	0.92152
10.380	10.225	20.000	9.89900	0.92341
10.380	10.193	20.000	9.86400	0.92446
10.380	10.162	20.000	9.82900	0.92552
10.380	10.131	20.000	9.79300	0.92737
10.380	10.099	20.000	9.75700	0.92835
10.380	10.068	20.000	9.72100	0.92935
10.380	10.037	20.000	9.68500	0.93125
10.380	10.006	20.000	9.64900	0.93227
10.380	9.974	20.000	9.61200	0.93320
10.380	9.943	20.000	9.57600	0.93516
10.380	9.912	20.000	9.53900	0.93611
10.380	9.880	20.000	9.50200	0.93708
10.380	9.849	20.000	9.46500	0.93899
10.380	9.818	20.000	9.42700	0.93988
10.380	9.787	20.000	9.38900	0.94097
10.380	9.755	20.000	9.35200	0.94227
10.380	9.724	20.000	9.31400	0.94357
10.380	9.693	20.000	9.27500	0.94469
10.380	9.661	20.000	9.23700	0.94593
10.380	9.630	20.000	9.19800	0.94717
10.380	9.599	20.000	9.16000	0.94844
10.380	9.567	20.000	9.12100	0.94971
10.380	9.536	20.000	9.08200	0.95099
10.380	9.505	20.000	9.04200	0.95219
10.380	9.474	20.000	9.00300	0.95340
10.380	9.442	20.000	8.96300	0.95453
10.380	9.411	20.000	8.92400	0.95577
10.380	9.380	20.000	8.88400	0.95692
10.380	9.348	20.000	8.84400	0.95808
10.380	9.317	20.000	8.80300	0.95925
10.380	9.286	20.000	8.76300	0.96043
10.380	9.255	20.000	8.72200	0.96153
10.380	9.223	20.000	8.68200	0.96285
10.380	9.192	20.000	8.64100	0.96397
10.380	9.161	20.000	8.60000	0.96521
10.380	9.129	20.000	8.55900	0.96635
10.380	9.098	20.000	8.51700	0.96740
10.380	9.067	20.000	8.47600	0.96869
10.380	9.036	20.000	8.43400	0.96976
10.380	9.004	20.000	8.39300	0.97107
10.380	8.973	20.000	8.35100	0.97218
10.380	8.942	20.000	8.30900	0.97329
10.380	8.910	20.000	8.26600	0.97442
10.380	8.879	20.000	8.22400	0.97556
10.380	8.848	20.000	8.18200	0.97684
10.380	8.817	20.000	8.13900	0.97789
10.380	8.785	20.000	8.09700	0.97908
10.380	8.754	20.000	8.05400	0.98016
10.380	8.723	20.000	8.01100	0.98138
10.380	8.691	20.000	7.96800	0.98249
10.380	8.660	20.000	7.92500	0.98362
10.380	8.629	20.000	7.88100	0.98463
10.380	8.598	20.000	7.83800	0.98591
10.380	8.566	20.000	7.79400	0.98696
10.380	8.535	20.000	7.75100	0.98814
10.380	8.504	20.000	7.70700	0.98922
10.380	8.472	20.000	7.66300	0.99031
10.380	8.441	20.000	7.61900	0.99141
10.380	8.410	20.000	7.57500	0.99253
10.380	8.379	20.000	7.53100	0.99367
10.380	8.347	20.000	7.48700	0.99469
10.380	8.316	20.000	7.44200	0.99572
10.380	8.285	20.000	7.39800	0.99690
10.380	8.253	20.000	7.35400	0.99810
10.380	8.222	20.000	7.30900	0.99918
10.380	8.191	20.000	7.26400	1.00014
10.380	8.160	20.000	7.21900	1.00125
10.380	8.128	20.000	7.17500	1.00237
10.380	8.097	20.000	7.13000	1.00352
10.380	8.066	20.000	7.08500	1.00468
10.380	8.034	20.000	7.03900	1.00557
10.380	8.003	20.000	6.99400	1.00662
10.380	7.972	20.000	6.94900	1.00783
10.380	7.941	20.000	6.90400	1.00891
10.380	7.909	20.000	6.85800	1.00987
10.380	7.878	20.000	6.81300	1.01098
10.380	7.847	20.000	6.76700	1.01196
10.380	7.815	20.000	6.72200	1.01326
10.380	7.784	20.000	6.67600	1.01428
10.380	7.753	20.000	6.63100	1.01547
10.380	7.722	20.000	6.58500	1.01652
10.380	7.690	20.000	6.53900	1.01743
10.380	7.659	20.000	6.49300	1.01851
10.380	7.628	20.000	6.44700	1.01961
10.380	7.596	20.000	6.40100	1.02073
10.380	7.565	20.000	6.35500	1.02170
10.380	7.534	20.000	6.30900	1.02286
10.380	7.502	20.000	6.26300	1.02387
10.380	7.471	20.000	6.21700	1.02506
10.380	7.440	20.000	6.17100	1.02611
10.380	7.409	20.000	6.12500	1.02717
10.380	7.377	20.000	6.07900	1.02825
10.380	7.346	20.000	6.03300	1.02935
10.380	7.315	20.000	5.98700	1.03046
10.380	7.283	20.000	5.94000	1.03143
10.380	7.252	20.000	5.89400	1.03259
10.380	7.221	20.000	5.84800	1.03358
10.380	7.190	20.000	5.80200	1.03478
10.380	7.158	20.000	5.75500	1.03563
10.380	7.127	20.000	5.70900	1.03687
10.380	7.096	20.000	5.66300	1.03794
10.380	7.064	20.000	5.61700	1.03903
10.380	7.033	20.000	5.57000	1.03996
10.380	7.002	20.000	5.52400	1.04109
10.380	6.971	20.000	5.47800	1.04224
10.380	6.939	20.000	5.43100	1.04302
10.380	6.908	20.000	5.38500	1.04421
10.380	6.877	20.000	5.33900	1.04522
10.380	6.845	20.000	5.29300	1.04646
10.380	6.814	20.000	5.24700	1.04751
10.380	6.783	20.000	5.20100	1.04859
10.380	6.752	20.000	5.15400	1.04948
10.380	6.720	20.000	5.10800	1.05060
10.380	6.689	20.000	5.06200	1.05152
10.380	6.658	20.000	5.01600	1.05268
10.380	6.626	20.000	4.97000	1.05364
10.380	6.595	20.000	4.92400	1.05484
10.380	6.564	20.000	4.87800	1.05584
10.380	6.533	20.000	4.83300	1.05709
10.380	6.501	20.000	4.78700	1.05813
10.380	6.470	20.000	4.74100	1.05897
10.380	6.439	20.000	4.69500	1.06006
10.380	6.407	20.000	4.65000	1.06116
10.380	6.376	20.000	4.60400	1.06230
10.380	6.345	20.000	4.55900	1.06345
10.380	6.314	20.000	4.51300	1.06439
10.380	6.282	20.000	4.46800	1.06533
10.380	6.251	20.000	4.42300	1.06655
10.380	6.220	20.000	4.37800	1.06780
10.380	6.188	20.000	4.33200	1.06857
10.380	6.157	20.000	4.28700	1.06961
10.380	6.126	20.000	4.24300	1.07092
10.380	6.095	20.000	4.19800	1.07201
10.380	6.063	20.000	4.15300	1.07285
10.380	6.032	20.000	4.10800	1.07399
10.380	6.001	20.000	4.06400	1.07513
10.380	5.969	20.000	4.01900	1.07604
10.380	5.938	20.000	3.97500	1.07724
10.380	5.907	20.000	3.93100	1.07846
10.380	5.876	20.000	3.88700	1.07942
10.380	5.844	20.000	3.84300	1.08071
10.380	5.813	20.000	3.79900	1.08172
10.380	5.782	20.000	3.75500	1.08276
10.380	5.750	20.000	3.71100	1.08350
10.380	5.719	20.000	3.66800	1.08489
10.380	5.688	20.000	3.62500	1.08598
10.380	5.657	20.000	3.58100	1.08680
10.380	5.625	20.000	3.53800	1.08795
10.380	5.594	20.000	3.49500	1.08912
10.380	5.563	20.000	3.45300	1.09031
10.380	5.531	20.000	3.41000	1.09155
10.380	5.500	20.000	3.36800	1.09280
10.380	5.469	20.000	3.32500	1.09339
10.380	5.438	20.000	3.28300	1.09470
10.380	5.406	20.000	3.24100	1.09567
10.380	5.375	20.000	3.19900	1.09667
10.380	5.344	20.000	3.15800	1.09805
10.380	5.312	20.000	3.11600	1.09912
10.380	5.281	20.000	3.07500	1.10018
10.380	5.250	20.000	3.03400	1.10127
10.380	5.218	20.000	2.99300	1.10239
10.380	5.187	20.000	2.95200	1.10314
10.380	5.156	20.000	2.91200	1.10470
10.380	5.125	20.000	2.87200	1.10589
10.380	5.093	20.000	2.83200	1.10711
10.380	5.062	20.000	2.79200	1.10794
10.380	5.031	20.000	2.75200	1.10878
10.380	4.999	20.000	2.71300	1.11007
10.380	4.968	20.000	2.67300	1.11097
10.380	4.937	20.000	2.63400	1.11233
10.380	4.906	20.000	2.59500	1.11326
10.380	4.874	20.000	2.55700	1.11465
10.380	4.843	20.000	2.51900	1.11559
10.380	4.812	20.000	2.48000	1.11661
10.380	4.780	20.000	2.44300	1.11808
10.380	4.749	20.000	2.40500	1.11913
10.380	4.718	20.000	2.36800	1.12015
10.380	10.901	20.200	10.18000	0.89220
10.380	10.869	20.200	10.15000	0.89427
10.380	10.838	20.200	10.12000	0.89558
10.380	10.806	20.200	10.09000	0.89689
10.380	10.775	20.200	10.06000	0.89902
10.380	10.743	20.200	10.03000	0.90036
10.380	10.712	20.200	9.99700	0.90144
10.380	10.680	20.200	9.96600	0.90354
10.380	10.648	20.200	9.93400	0.90474
10.380	10.617	20.200	9.90200	0.90595
10.380	10.585	20.200	9.87000	0.90800
10.380	10.554	20.200	9.83700	0.90915
10.380	10.522	20.200	9.80400	0.91031
10.380	10.491	20.200	9.77100	0.91147
10.380	10.459	20.200	9.73800	0.91351
10.380	10.428	20.200	9.70500	0.91470
10.380	10.396	20.200	9.67100	0.91581
10.380	10.365	20.200	9.63800	0.91790
10.380	10.333	20.200	9.60400	0.91904
10.380	10.302	20.200	9.57000	0.92019
10.380	10.270	20.200	9.53500	0.92215
10.380	10.238	20.200	9.50100	0.92332
10.380	10.207	20.200	9.46600	0.92441
10.380	10.175	20.200	9.43100	0.92552
10.380	10.144	20.200	9.39600	0.92754
10.380	10.112	20.200	9.36000	0.92857
10.380	10.081	20.200	9.32500	0.92971
10.380	10.049	20.200	9.28900	0.93104
10.380	10.018	20.200	9.25300	0.93239
10.380	9.986	20.200	9.21700	0.93365
10.380	9.955	20.200	9.18100	0.93493
10.380	9.923	20.200	9.14400	0.93612
10.380	9.892	20.200	9.10700	0.93732
10.380	9.860	20.200	9.07100	0.93874
10.380	9.828	20.200	9.03400	0.93996
10.380	9.797	20.200	8.99600	0.94120
10.380	9.765	20.200	8.95900	0.94246
10.380	9.734	20.200	8.92100	0.94372
10.380	9.702	20.200	8.88400	0.94501
10.380	9.671	20.200	8.84600	0.94620
10.380	9.639	20.200	8.80800	0.94750
10.380	9.608	20.200	8.76900	0.94862
10.380	9.576	20.200	8.73100	0.94995
10.380	9.545	20.200	8.69200	0.95119
10.380	9.513	20.200	8.65400	0.95256
10.380	9.482	20.200	8.61500	0.95373
10.380	9.450	20.200	8.57600	0.95490
10.380	9.418	20.200	8.53700	0.95610
10.380	9.387	20.200	8.49700	0.95719
10.380	9.355	20.200	8.45800	0.95841
10.380	9.324	20.200	8.41800	0.95953
10.380	9.292	20.200	8.37800	0.96078
10.380	9.261	20.200	8.33800	0.96193
10.380	9.229	20.200	8.29800	0.96309
10.380	9.198	20.200	8.25800	0.96427
10.380	9.166	20.200	8.21800	0.96557
10.380	9.135	20.200	8.17700	0.96666
10.380	9.103	20.200	8.13700	0.96788
10.380	9.072	20.200	8.09600	0.96912
10.380	9.040	20.200	8.05500	0.97025
10.380	9.009	20.200	8.01400	0.97139
10.380	8.977	20.200	7.97300	0.97255
10.380	8.945	20.200	7.93100	0.97373
10.380	8.914	20.200	7.89000	0.97492
10.380	8.882	20.200	7.84800	0.97600
10.380	8.851	20.200	7.80700	0.97722
10.380	8.819	20.200	7.76500	0.97833
10.380	8.788	20.200	7.72300	0.97945
10.380	8.756	20.200	7.68100	0.98059
10.380	8.725	20.200	7.63900	0.98175
10.380	8.693	20.200	7.59700	0.98292
10.380	8.662	20.200	7.55400	0.98398
10.380	8.630	20.200	7.51200	0.98518
10.380	8.599	20.200	7.46900	0.98627
10.380	8.567	20.200	7.42700	0.98750
10.380	8.535	20.200	7.38400	0.98849
10.380	8.504	20.200	7.34100	0.98962
10.380	8.472	20.200	7.29800	0.99077
10.380	8.441	20.200	7.25500	0.99193
10.380	8.409	20.200	7.21200	0.99298
10.380	8.378	20.200	7.16900	0.99418
10.380	8.346	20.200	7.12600	0.99525
10.380	8.315	20.200	7.08200	0.99634
10.380	8.283	20.200	7.03900	0.99745
10.380	8.252	20.200	6.99500	0.99857
10.380	8.220	20.200	6.95200	0.99971
10.380	8.189	20.200	6.90800	1.00072
10.380	8.157	20.200	6.86400	1.00175
10.380	8.125	20.200	6.82000	1.00294
10.380	8.094	20.200	6.77700	1.00415
10.380	8.062	20.200	6.73300	1.00523
10.380	8.031	20.200	6.68900	1.00632
10.380	7.999	20.200	6.64400	1.00728
10.380	7.968	20.200	6.60000	1.00840
10.380	7.936	20.200	6.55600	1.00939
10.380	7.905	20.200	6.51200	1.01055
10.380	7.873	20.200	6.46700	1.01158
10.380	7.842	20.200	6.42300	1.01277
10.380	7.810	20.200	6.37900	1.01383
10.380	7.779	20.200	6.33400	1.01490
10.380	7.747	20.200	6.29000	1.01599
10.380	7.716	20.200	6.24500	1.01710
10.380	7.684	20.200	6.20100	1.01823
10.380	7.652	20.200	6.15600	1.01921
10.380	7.621	20.200	6.11100	1.02020
10.380	7.589	20.200	6.06700	1.02138
10.380	7.558	20.200	6.02200	1.02258
10.380	7.526	20.200	5.97700	1.02363
10.380	7.495	20.200	5.93200	1.02453
10.380	7.463	20.200	5.88800	1.02578
10.380	7.432	20.200	5.84300	1.02689
10.380	7.400	20.200	5.79800	1.02783
10.380	7.369	20.200	5.75300	1.02898
10.380	7.337	20.200	5.70800	1.02995
10.380	7.306	20.200	5.66300	1.03095
10.380	7.274	20.200	5.61900	1.03234
10.380	7.242	20.200	5.57400	1.03337
10.380	7.211	20.200	5.52900	1.03442
10.380	7.179	20.200	5.48400	1.03550
10.380	7.148	20.200	5.43900	1.03639
10.380	7.116	20.200	5.39400	1.03751
10.380	7.085	20.200	5.34900	1.03844
10.380	7.053	20.200	5.30400	1.03959
10.380	7.022	20.200	5.26000	1.04076
10.380	6.990	20.200	5.21500	1.04175
10.380	6.959	20.200	5.17000	1.04276
10.380	6.927	20.200	5.12500	1.04379
10.380	6.896	20.200	5.08000	1.04484
10.380	6.864	20.200	5.03600	1.04612
10.380	6.832	20.200	4.99100	1.04699
10.380	6.801	20.200	4.94600	1.04810
10.380	6.769	20.200	4.90200	1.04923
10.380	6.738	20.200	4.85700	1.05016
10.380	6.706	20.200	4.81300	1.05133
10.380	6.675	20.200	4.76800	1.05231
10.380	6.643	20.200	4.72400	1.05352
10.380	6.612	20.200	4.67900	1.05454
10.380	6.580	20.200	4.63500	1.05557
10.380	6.549	20.200	4.59100	1.05686
10.380	6.517	20.200	4.54600	1.05770
10.380	6.486	20.200	4.50200	1.05880
10.380	6.454	20.200	4.45800	1.05991
10.380	6.423	20.200	4.41400	1.06106
10.380	6.391	20.200	4.37000	1.06197
10.380	6.359	20.200	4.32600	1.06316
10.380	6.328	20.200	4.28200	1.06412
10.380	6.296	20.200	4.23900	1.06534
10.380	6.265	20.200	4.19500	1.06634
10.380	6.233	20.200	4.15100	1.06737
10.380	6.202	20.200	4.10800	1.06840
10.380	6.170	20.200	4.06500	1.06974
10.380	6.139	20.200	4.02100	1.07055
10.380	6.107	20.200	3.97800	1.07166
10.380	6.076	20.200	3.93500	1.07279
10.380	6.044	20.200	3.89200	1.07395
10.380	6.013	20.200	3.84900	1.07484
10.380	5.981	20.200	3.80600	1.07605
10.380	5.949	20.200	3.76400	1.07728
10.380	5.918	20.200	3.72100	1.07824
10.380	5.886	20.200	3.67900	1.07952
10.380	5.855	20.200	3.63600	1.08021
10.380	5.823	20.200	3.59400	1.08155
10.380	5.792	20.200	3.55200	1.08260
10.380	5.760	20.200	3.51000	1.08367
10.380	5.729	20.200	3.46800	1.08477
10.380	5.697	20.200	3.42700	1.08587
10.380	5.666	20.200	3.38500	1.08703
10.380	5.634	20.200	3.34400	1.08819
10.380	5.603	20.200	3.30300	1.08938
10.380	5.571	20.200	3.26200	1.09024
10.380	5.539	20.200	3.22100	1.09149
10.380	5.508	20.200	3.18000	1.09241
10.380	5.476	20.200	3.13900	1.09335
10.380	5.445	20.200	3.09900	1.09467
10.380	5.413	20.200	3.05900	1.09602
10.380	5.382	20.200	3.01900	1.09702
10.380	5.350	20.200	2.97900	1.09805
10.380	5.319	20.200	2.93900	1.09910
10.380	5.287	20.200	2.89900	1.10019
10.380	5.256	20.200	2.86000	1.10127
10.380	5.224	20.200	2.82100	1.10238
10.380	5.193	20.200	2.78200	1.10353
10.380	5.161	20.200	2.74300	1.10471
10.380	5.129	20.200	2.70500	1.10589
10.380	5.098	20.200	2.66600	1.10668
10.380	5.066	20.200	2.62800	1.10793
10.380	5.035	20.200	2.59000	1.10921
10.380	5.003	20.200	2.55200	1.11005
10.380	4.972	20.200	2.51500	1.11136
10.380	4.940	20.200	2.47800	1.11271
10.380	4.909	20.200	2.44100	1.11359
10.380	4.877	20.200	2.40400	1.11451
10.380	4.846	20.200	2.36700	1.11546
10.380	4.814	20.200	2.33100	1.11691
10.380	4.783	20.200	2.29500	1.11842
10.380	4.751	20.200	2.25900	1.11943
10.380	4.720	20.200	2.22300	1.12046
10.380	4.688	20.200	2.18700	1.12096
10.380	4.656	20.200	2.15200	1.12200
10.380	4.625	20.200	2.11700	1.12308
10.380	4.593	20.200	2.08300	1.12473
