10.380	5.479	29.800	0.15000	1.08147
10.380	5.433	29.800	0.14650	1.08198
10.380	5.387	29.800	0.14310	1.08409
10.380	5.340	29.800	0.13980	1.08540
10.380	5.294	29.800	0.13650	1.08765
10.380	5.248	29.800	0.13330	1.08905
10.380	5.202	29.800	0.13010	1.09053
10.380	5.155	29.800	0.12690	1.09208
10.380	5.109	29.800	0.12380	1.09364
10.380	5.063	29.800	0.12080	1.09519
10.380	5.017	29.800	0.11780	1.09683
10.380	4.971	29.800	0.11480	1.09856
10.380	4.924	29.800	0.11190	1.10029
10.380	4.878	29.800	0.10900	1.10123
10.380	4.832	29.800	0.10620	1.10292
10.380	4.786	29.800	0.10350	1.10530
10.380	4.739	29.800	0.10080	1.10708
10.380	4.693	29.800	0.09809	1.10824
10.380	4.647	29.800	0.09548	1.10997
10.380	4.601	29.800	0.09292	1.11175
10.380	4.555	29.800	0.09041	1.11356
10.380	4.508	29.800	0.08795	1.11527
10.380	4.462	29.800	0.08554	1.11715
10.380	4.416	29.800	0.08318	1.11891
10.380	4.370	29.800	0.08087	1.12070
10.380	4.323	29.800	0.07862	1.12282
10.380	4.277	29.800	0.07641	1.12467
10.380	4.231	29.800	0.07426	1.12686
10.380	4.185	29.800	0.07216	1.12909
10.380	4.139	29.800	0.07010	1.13119
10.380	4.092	29.800	0.06810	1.13368
10.380	4.046	29.800	0.06613	1.13606
10.380	4.000	29.800	0.06421	1.13848
10.380	3.954	29.800	0.06233	1.14137
10.380	3.908	29.800	0.06048	1.14415
10.380	3.861	29.800	0.05865	1.14685
10.380	3.815	29.800	0.05685	1.14988
10.380	3.769	29.800	0.05505	1.15264
10.380	3.723	29.800	0.05327	1.15578
10.380	3.676	29.800	0.05149	1.15864
10.380	3.630	29.800	0.04971	1.16172
10.380	3.584	29.800	0.04793	1.16448
10.380	3.538	29.800	0.04615	1.16717
10.380	3.492	29.800	0.04436	1.16952
10.380	3.445	29.800	0.04259	1.17231
10.380	3.399	29.800	0.04082	1.17434
10.380	3.353	29.800	0.03907	1.17610
10.380	3.307	29.800	0.03735	1.17786
10.380	3.260	29.800	0.03567	1.17956
10.380	3.214	29.800	0.03403	1.18078
10.380	3.168	29.800	0.03244	1.18179
10.380	3.122	29.800	0.03091	1.18248
10.380	3.076	29.800	0.02946	1.18313
10.380	3.029	29.800	0.02809	1.18423
10.380	2.983	29.800	0.02682	1.18568
10.380	2.937	29.800	0.02564	1.18759
10.380	2.891	29.800	0.02455	1.19059
10.380	5.363	30.000	0.13660	1.08499
10.380	5.316	30.000	0.13330	1.08639
10.380	5.270	30.000	0.13010	1.08779
10.380	5.223	30.000	0.12700	1.08919
10.380	5.176	30.000	0.12390	1.09067
10.380	5.130	30.000	0.12090	1.09313
10.380	5.083	30.000	0.11790	1.09471
10.380	5.037	30.000	0.11490	1.09533
10.380	4.990	30.000	0.11200	1.09696
10.380	4.943	30.000	0.10910	1.09847
10.380	4.897	30.000	0.10630	1.10019
10.380	4.850	30.000	0.10360	1.10248
10.380	4.804	30.000	0.10090	1.10430
10.380	4.757	30.000	0.09820	1.10548
10.380	4.711	30.000	0.09559	1.10726
10.380	4.664	30.000	0.09303	1.10908
10.380	4.617	30.000	0.09051	1.11069
10.380	4.571	30.000	0.08805	1.11259
10.380	4.524	30.000	0.08563	1.11425
10.380	4.478	30.000	0.08327	1.11607
10.380	4.431	30.000	0.08095	1.11779
10.380	4.384	30.000	0.07869	1.11982
10.380	4.338	30.000	0.07648	1.12174
10.380	4.291	30.000	0.07432	1.12385
10.380	4.245	30.000	0.07221	1.12582
10.380	4.198	30.000	0.07015	1.12799
10.380	4.152	30.000	0.06814	1.13039
10.380	4.105	30.000	0.06617	1.13266
10.380	4.058	30.000	0.06425	1.13496
10.380	4.012	30.000	0.06237	1.13752
10.380	3.965	30.000	0.06053	1.14035
10.380	3.919	30.000	0.05872	1.14308
10.380	3.872	30.000	0.05694	1.14590
10.380	3.825	30.000	0.05518	1.14887
10.380	3.779	30.000	0.05344	1.15197
10.380	3.732	30.000	0.05170	1.15479
10.380	3.686	30.000	0.04997	1.15778
10.380	3.639	30.000	0.04824	1.16073
10.380	3.593	30.000	0.04651	1.16362
10.380	3.546	30.000	0.04478	1.16645
10.380	3.499	30.000	0.04304	1.16893
10.380	3.453	30.000	0.04131	1.17125
10.380	3.406	30.000	0.03959	1.17338
10.380	3.360	30.000	0.03789	1.17561
10.380	3.313	30.000	0.03621	1.17718
10.380	3.267	30.000	0.03457	1.17866
10.380	3.220	30.000	0.03298	1.17996
10.380	3.173	30.000	0.03143	1.18113
10.380	3.127	30.000	0.02995	1.18193
10.380	3.080	30.000	0.02853	1.18284
10.380	3.034	30.000	0.02720	1.18364
10.380	2.987	30.000	0.02597	1.18530
10.380	2.940	30.000	0.02483	1.18747
10.380	2.894	30.000	0.02378	1.19019
10.380	2.847	30.000	0.02276	1.19412
10.380	2.801	30.000	0.02172	1.19735
10.380	2.754	30.000	0.02062	1.19953
10.380	5.246	30.200	0.12410	1.08764
10.380	5.199	30.200	0.12110	1.09001
10.380	5.152	30.200	0.11810	1.09150
10.380	5.105	30.200	0.11520	1.09298
10.380	5.058	30.200	0.11220	1.09463
10.380	5.011	30.200	0.10940	1.09630
10.380	4.964	30.200	0.10660	1.09795
10.380	4.917	30.200	0.10380	1.09923
10.380	4.870	30.200	0.10110	1.10107
10.380	4.823	30.200	0.09845	1.10283
10.380	4.776	30.200	0.09583	1.10454
10.380	4.729	30.200	0.09326	1.10616
10.380	4.682	30.200	0.09075	1.10806
10.380	4.635	30.200	0.08828	1.10974
10.380	4.588	30.200	0.08585	1.11147
10.380	4.541	30.200	0.08348	1.11322
10.380	4.495	30.200	0.08116	1.11499
10.380	4.448	30.200	0.07889	1.11695
10.380	4.401	30.200	0.07667	1.11878
10.380	4.354	30.200	0.07450	1.12081
10.380	4.307	30.200	0.07238	1.12287
10.380	4.260	30.200	0.07031	1.12496
10.380	4.213	30.200	0.06828	1.12692
10.380	4.166	30.200	0.06631	1.12926
10.380	4.119	30.200	0.06438	1.13146
10.380	4.072	30.200	0.06250	1.13389
10.380	4.025	30.200	0.06066	1.13659
10.380	3.978	30.200	0.05886	1.13915
10.380	3.931	30.200	0.05709	1.14203
10.380	3.884	30.200	0.05535	1.14478
10.380	3.837	30.200	0.05363	1.14766
10.380	3.790	30.200	0.05193	1.15068
10.380	3.743	30.200	0.05025	1.15385
10.380	3.696	30.200	0.04856	1.15674
10.380	3.650	30.200	0.04688	1.15982
10.380	3.603	30.200	0.04520	1.16285
10.380	3.556	30.200	0.04351	1.16555
10.380	3.509	30.200	0.04183	1.16844
10.380	3.462	30.200	0.04014	1.17060
10.380	3.415	30.200	0.03847	1.17287
10.380	3.368	30.200	0.03681	1.17491
10.380	3.321	30.200	0.03518	1.17659
10.380	3.274	30.200	0.03358	1.17825
10.380	3.227	30.200	0.03202	1.17937
10.380	3.180	30.200	0.03051	1.18027
10.380	3.133	30.200	0.02906	1.18130
10.380	3.086	30.200	0.02768	1.18190
10.380	3.039	30.200	0.02639	1.18341
10.380	2.992	30.200	0.02519	1.18485
10.380	2.945	30.200	0.02409	1.18670
10.380	2.898	30.200	0.02308	1.19030
10.380	2.851	30.200	0.02209	1.19405
10.380	2.805	30.200	0.02108	1.19705
10.380	2.758	30.200	0.02000	1.19904
10.380	2.711	30.200	0.01886	1.19898
10.380	2.664	30.200	0.01772	1.19811
10.380	2.617	30.200	0.01666	1.19512
