10.500	6.347	29.800	0.48250	1.07032
10.500	6.300	29.800	0.47240	1.07193
10.500	6.254	29.800	0.46250	1.07358
10.500	6.207	29.800	0.45270	1.07504
10.500	6.160	29.800	0.44300	1.07655
10.500	6.114	29.800	0.43340	1.07811
10.500	6.067	29.800	0.42400	1.07970
10.500	6.021	29.800	0.41470	1.08136
10.500	5.974	29.800	0.40550	1.08278
10.500	5.928	29.800	0.39640	1.08425
10.500	5.881	29.800	0.38750	1.08604
10.500	5.835	29.800	0.37870	1.08759
10.500	5.788	29.800	0.37000	1.08920
10.500	5.742	29.800	0.36150	1.09083
10.500	5.695	29.800	0.35300	1.09220
10.500	5.649	29.800	0.34470	1.09394
10.500	5.602	29.800	0.33650	1.09538
10.500	5.555	29.800	0.32850	1.09719
10.500	5.509	29.800	0.32050	1.09873
10.500	5.462	29.800	0.31270	1.10028
10.500	5.416	29.800	0.30500	1.10188
10.500	5.369	29.800	0.29740	1.10353
10.500	5.323	29.800	0.28990	1.10480
10.500	5.276	29.800	0.28260	1.10693
10.500	5.230	29.800	0.27540	1.10870
10.500	5.183	29.800	0.26830	1.11005
10.500	5.137	29.800	0.26130	1.11191
10.500	5.090	29.800	0.25440	1.11335
10.500	5.044	29.800	0.24770	1.11526
10.500	4.997	29.800	0.24100	1.11677
10.500	4.950	29.800	0.23450	1.11826
10.500	4.904	29.800	0.22810	1.12033
10.500	4.857	29.800	0.22180	1.12190
10.500	4.811	29.800	0.21560	1.12350
10.500	4.764	29.800	0.20950	1.12513
10.500	4.718	29.800	0.20360	1.12673
10.500	4.671	29.800	0.19770	1.12842
10.500	4.625	29.800	0.19200	1.13008
10.500	4.578	29.800	0.18640	1.13244
10.500	4.532	29.800	0.18080	1.13354
10.500	4.485	29.800	0.17540	1.13528
10.500	4.439	29.800	0.17010	1.13703
10.500	4.392	29.800	0.16490	1.13881
10.500	4.346	29.800	0.15980	1.14061
10.500	4.299	29.800	0.15480	1.14159
10.500	4.252	29.800	0.15000	1.14416
10.500	4.206	29.800	0.14520	1.14601
10.500	4.159	29.800	0.14050	1.14788
10.500	4.113	29.800	0.13590	1.14877
10.500	4.066	29.800	0.13140	1.15061
10.500	4.020	29.800	0.12710	1.15336
10.500	3.973	29.800	0.12280	1.15414
10.500	3.927	29.800	0.11860	1.15595
10.500	3.880	29.800	0.11460	1.15875
10.500	3.834	29.800	0.11060	1.16042
10.500	3.787	29.800	0.10670	1.16206
10.500	3.741	29.800	0.10290	1.16376
10.500	3.694	29.800	0.09920	1.16555
10.500	3.647	29.800	0.09560	1.16742
10.500	3.601	29.800	0.09209	1.16925
10.500	3.554	29.800	0.08868	1.17131
10.500	3.508	29.800	0.08535	1.17320
10.500	3.461	29.800	0.08211	1.17501
10.500	3.415	29.800	0.07896	1.17693
10.500	3.368	29.800	0.07590	1.17894
10.500	3.322	29.800	0.07293	1.18086
10.500	3.275	29.800	0.07004	1.18291
10.500	3.229	29.800	0.06724	1.18505
10.500	3.182	29.800	0.06452	1.18712
10.500	3.136	29.800	0.06188	1.18931
10.500	3.089	29.800	0.05932	1.19140
10.500	3.042	29.800	0.05684	1.19387
10.500	2.996	29.800	0.05444	1.19622
10.500	2.949	29.800	0.05211	1.19848
10.500	2.903	29.800	0.04986	1.20087
10.500	2.856	29.800	0.04769	1.20369
10.500	2.810	29.800	0.04558	1.20614
10.500	2.763	29.800	0.04355	1.20905
10.500	2.717	29.800	0.04158	1.21189
10.500	2.670	29.800	0.03968	1.21494
10.500	2.624	29.800	0.03785	1.21861
10.500	2.577	29.800	0.03608	1.22222
10.500	2.531	29.800	0.03437	1.22619
10.500	2.484	29.800	0.03273	1.23091
10.500	2.437	29.800	0.03115	1.23611
10.500	2.391	29.800	0.02963	1.24235
10.500	2.344	29.800	0.02816	1.24989
10.500	2.298	29.800	0.02674	1.25895
10.500	2.251	29.800	0.02539	1.27204
10.500	2.205	29.800	0.02408	1.29393
10.500	2.158	29.800	0.02283	1.35731
10.500	2.112	29.800	0.00901	1.01395
10.500	2.065	29.800	0.00857	1.04743
10.500	2.019	29.800	0.00814	1.06865
10.500	1.972	29.800	0.00773	1.08472
10.500	1.926	29.800	0.00734	1.09779
10.500	1.879	29.800	0.00697	1.10865
10.500	1.832	29.800	0.00661	1.11819
10.500	1.786	29.800	0.00627	1.12659
10.500	1.739	29.800	0.00595	1.13436
10.500	1.693	29.800	0.00564	1.14110
10.500	1.646	29.800	0.00535	1.14699
10.500	1.600	29.800	0.00508	1.15255
10.500	1.553	29.800	0.00482	1.15769
10.500	1.507	29.800	0.00457	1.16260
10.500	1.460	29.800	0.00434	1.16689
10.500	1.414	29.800	0.00411	1.17070
10.500	1.367	29.800	0.00391	1.17463
10.500	1.321	29.800	0.00371	1.17836
10.500	1.274	29.800	0.00353	1.18145
10.500	6.235	30.000	0.44340	1.07387
10.500	6.188	30.000	0.43380	1.07536
10.500	6.141	30.000	0.42440	1.07688
10.500	6.094	30.000	0.41510	1.07846
10.500	6.047	30.000	0.40590	1.07981
10.500	6.000	30.000	0.39690	1.08177
10.500	5.953	30.000	0.38800	1.08319
10.500	5.906	30.000	0.37920	1.08498
10.500	5.860	30.000	0.37050	1.08619
10.500	5.813	30.000	0.36200	1.08807
10.500	5.766	30.000	0.35360	1.08968
10.500	5.719	30.000	0.34530	1.09134
10.500	5.672	30.000	0.33710	1.09271
10.500	5.625	30.000	0.32900	1.09411
10.500	5.578	30.000	0.32110	1.09590
10.500	5.531	30.000	0.31330	1.09776
10.500	5.484	30.000	0.30560	1.09928
10.500	5.437	30.000	0.29800	1.10085
10.500	5.391	30.000	0.29060	1.10243
10.500	5.344	30.000	0.28330	1.10448
10.500	5.297	30.000	0.27600	1.10577
10.500	5.250	30.000	0.26890	1.10750
10.500	5.203	30.000	0.26200	1.10923
10.500	5.156	30.000	0.25510	1.11058
10.500	5.109	30.000	0.24830	1.11196
10.500	5.062	30.000	0.24170	1.11382
10.500	5.015	30.000	0.23520	1.11575
10.500	4.968	30.000	0.22880	1.11719
10.500	4.922	30.000	0.22250	1.11922
10.500	4.875	30.000	0.21630	1.12073
10.500	4.828	30.000	0.21030	1.12280
10.500	4.781	30.000	0.20430	1.12438
10.500	4.734	30.000	0.19850	1.12592
10.500	4.687	30.000	0.19270	1.12756
10.500	4.640	30.000	0.18710	1.12915
10.500	4.593	30.000	0.18160	1.13146
10.500	4.546	30.000	0.17620	1.13312
10.500	4.499	30.000	0.17090	1.13479
10.500	4.452	30.000	0.16570	1.13649
10.500	4.406	30.000	0.16060	1.13820
10.500	4.359	30.000	0.15560	1.13993
10.500	4.312	30.000	0.15070	1.14167
10.500	4.265	30.000	0.14590	1.14342
10.500	4.218	30.000	0.14130	1.14506
10.500	4.171	30.000	0.13670	1.14681
10.500	4.124	30.000	0.13220	1.14857
10.500	4.077	30.000	0.12780	1.15032
10.500	4.030	30.000	0.12360	1.15299
10.500	3.983	30.000	0.11940	1.15474
10.500	3.937	30.000	0.11530	1.15612
10.500	3.890	30.000	0.11130	1.15781
10.500	3.843	30.000	0.10740	1.15958
10.500	3.796	30.000	0.10360	1.16143
10.500	3.749	30.000	0.09992	1.16348
10.500	3.702	30.000	0.09631	1.16542
10.500	3.655	30.000	0.09279	1.16732
10.500	3.608	30.000	0.08936	1.16917
10.500	3.561	30.000	0.08603	1.17111
10.500	3.514	30.000	0.08278	1.17302
10.500	3.468	30.000	0.07963	1.17518
10.500	3.421	30.000	0.07656	1.17712
10.500	3.374	30.000	0.07357	1.17920
10.500	3.327	30.000	0.07067	1.18118
10.500	3.280	30.000	0.06786	1.18347
10.500	3.233	30.000	0.06513	1.18569
10.500	3.186	30.000	0.06247	1.18787
10.500	3.139	30.000	0.05990	1.19015
10.500	3.092	30.000	0.05741	1.19256
10.500	3.045	30.000	0.05500	1.19487
10.500	2.999	30.000	0.05266	1.19736
10.500	2.952	30.000	0.05040	1.20000
10.500	2.905	30.000	0.04821	1.20284
10.500	2.858	30.000	0.04609	1.20560
10.500	2.811	30.000	0.04404	1.20856
10.500	2.764	30.000	0.04206	1.21175
10.500	2.717	30.000	0.04015	1.21556
10.500	2.670	30.000	0.03831	1.21929
10.500	2.623	30.000	0.03652	1.22304
10.500	2.576	30.000	0.03481	1.22830
10.500	2.529	30.000	0.03316	1.23363
10.500	2.483	30.000	0.03156	1.23959
10.500	2.436	30.000	0.03002	1.24720
10.500	2.389	30.000	0.02854	1.25727
10.500	2.342	30.000	0.02712	1.27145
10.500	2.295	30.000	0.02575	1.29592
10.500	2.248	30.000	0.01006	0.97575
10.500	2.201	30.000	0.00957	1.01409
10.500	2.154	30.000	0.00910	1.04502
10.500	2.107	30.000	0.00865	1.06540
10.500	2.060	30.000	0.00822	1.08102
10.500	2.014	30.000	0.00781	1.09389
10.500	1.967	30.000	0.00741	1.10480
10.500	1.920	30.000	0.00703	1.11456
10.500	1.873	30.000	0.00667	1.12300
10.500	1.826	30.000	0.00633	1.13056
10.500	1.779	30.000	0.00600	1.13736
10.500	1.732	30.000	0.00569	1.14346
10.500	1.685	30.000	0.00540	1.14931
10.500	1.638	30.000	0.00511	1.15437
10.500	1.591	30.000	0.00485	1.15922
10.500	1.545	30.000	0.00460	1.16350
10.500	1.498	30.000	0.00436	1.16796
10.500	1.451	30.000	0.00413	1.17139
10.500	1.404	30.000	0.00392	1.17520
10.500	1.357	30.000	0.00372	1.17848
10.500	1.310	30.000	0.00354	1.18176
10.500	1.263	30.000	0.00336	1.18470
10.500	1.216	30.000	0.00319	1.18773
10.500	1.169	30.000	0.00304	1.19076
10.500	1.122	30.000	0.00290	1.19381
10.500	6.122	30.200	0.40690	1.07731
10.500	6.075	30.200	0.39780	1.07863
10.500	6.028	30.200	0.38890	1.08028
10.500	5.980	30.200	0.38010	1.08198
10.500	5.933	30.200	0.37150	1.08372
10.500	5.886	30.200	0.36290	1.08523
10.500	5.839	30.200	0.35450	1.08676
10.500	5.791	30.200	0.34620	1.08834
10.500	5.744	30.200	0.33810	1.09029
10.500	5.697	30.200	0.33000	1.09163
10.500	5.650	30.200	0.32210	1.09335
10.500	5.602	30.200	0.31430	1.09512
10.500	5.555	30.200	0.30660	1.09657
10.500	5.508	30.200	0.29900	1.09805
10.500	5.461	30.200	0.29160	1.09996
10.500	5.413	30.200	0.28430	1.10151
10.500	5.366	30.200	0.27700	1.10271
10.500	5.319	30.200	0.26990	1.10434
10.500	5.271	30.200	0.26300	1.10644
10.500	5.224	30.200	0.25610	1.10818
10.500	5.177	30.200	0.24940	1.10992
10.500	5.130	30.200	0.24270	1.11126
10.500	5.082	30.200	0.23620	1.11310
10.500	5.035	30.200	0.22980	1.11445
10.500	4.988	30.200	0.22350	1.11638
10.500	4.941	30.200	0.21730	1.11780
10.500	4.893	30.200	0.21130	1.11977
10.500	4.846	30.200	0.20530	1.12125
10.500	4.799	30.200	0.19950	1.12331
10.500	4.751	30.200	0.19370	1.12485
10.500	4.704	30.200	0.18810	1.12635
10.500	4.657	30.200	0.18260	1.12855
10.500	4.610	30.200	0.17720	1.13010
10.500	4.562	30.200	0.17190	1.13241
10.500	4.515	30.200	0.16670	1.13401
10.500	4.468	30.200	0.16160	1.13563
10.500	4.421	30.200	0.15660	1.13725
10.500	4.373	30.200	0.15170	1.13889
10.500	4.326	30.200	0.14690	1.14053
10.500	4.279	30.200	0.14220	1.14217
10.500	4.231	30.200	0.13760	1.14381
10.500	4.184	30.200	0.13320	1.14630
10.500	4.137	30.200	0.12880	1.14795
10.500	4.090	30.200	0.12450	1.15065
10.500	4.042	30.200	0.12030	1.15230
10.500	3.995	30.200	0.11620	1.15392
10.500	3.948	30.200	0.11220	1.15551
10.500	3.901	30.200	0.10830	1.15730
10.500	3.853	30.200	0.10450	1.15931
10.500	3.806	30.200	0.10080	1.16142
10.500	3.759	30.200	0.09717	1.16316
10.500	3.712	30.200	0.09364	1.16511
10.500	3.664	30.200	0.09020	1.16703
10.500	3.617	30.200	0.08686	1.16920
10.500	3.570	30.200	0.08360	1.17120
10.500	3.522	30.200	0.08043	1.17330
10.500	3.475	30.200	0.07734	1.17520
10.500	3.428	30.200	0.07434	1.17738
10.500	3.381	30.200	0.07143	1.17949
10.500	3.333	30.200	0.06860	1.18174
10.500	3.286	30.200	0.06585	1.18393
10.500	3.239	30.200	0.06318	1.18626
10.500	3.192	30.200	0.06060	1.18870
10.500	3.144	30.200	0.05809	1.19110
10.500	3.097	30.200	0.05566	1.19365
10.500	3.050	30.200	0.05331	1.19636
10.500	3.002	30.200	0.05103	1.19901
10.500	2.955	30.200	0.04882	1.20187
10.500	2.908	30.200	0.04669	1.20521
10.500	2.861	30.200	0.04463	1.20850
10.500	2.813	30.200	0.04263	1.21177
10.500	2.766	30.200	0.04070	1.21565
10.500	2.719	30.200	0.03884	1.21985
10.500	2.672	30.200	0.03705	1.22479
10.500	2.624	30.200	0.03532	1.23023
10.500	2.577	30.200	0.03365	1.23668
10.500	2.530	30.200	0.03204	1.24476
10.500	2.482	30.200	0.03048	1.25432
10.500	2.435	30.200	0.02899	1.26926
10.500	2.388	30.200	0.02755	1.29403
10.500	2.341	30.200	0.01069	0.97005
10.500	2.293	30.200	0.01018	1.00992
10.500	2.246	30.200	0.00968	1.04018
10.500	2.199	30.200	0.00921	1.06046
10.500	2.152	30.200	0.00875	1.07610
10.500	2.104	30.200	0.00832	1.08904
10.500	2.057	30.200	0.00790	1.09999
10.500	2.010	30.200	0.00750	1.10965
10.500	1.963	30.200	0.00712	1.11832
10.500	1.915	30.200	0.00675	1.12608
10.500	1.868	30.200	0.00640	1.13307
10.500	1.821	30.200	0.00607	1.13945
10.500	1.773	30.200	0.00575	1.14550
10.500	1.726	30.200	0.00545	1.15088
10.500	1.679	30.200	0.00517	1.15564
10.500	1.632	30.200	0.00490	1.16015
10.500	1.584	30.200	0.00464	1.16437
10.500	1.537	30.200	0.00440	1.16844
10.500	1.490	30.200	0.00417	1.17177
10.500	1.443	30.200	0.00395	1.17514
10.500	1.395	30.200	0.00375	1.17825
10.500	1.348	30.200	0.00356	1.18140
10.500	1.301	30.200	0.00338	1.18415
10.500	1.253	30.200	0.00321	1.18734
10.500	1.206	30.200	0.00305	1.19016
10.500	1.159	30.200	0.00290	1.19259
10.500	1.112	30.200	0.00276	1.19549
10.500	1.064	30.200	0.00263	1.19900
10.500	1.017	30.200	0.00250	1.20163
10.500	0.970	30.200	0.00239	1.20556
