10.380	9.546	29.800	0.62050	0.95447
10.380	9.500	29.800	0.61370	0.95622
10.380	9.454	29.800	0.60690	0.95831
10.380	9.408	29.800	0.60010	0.95985
10.380	9.361	29.800	0.59330	0.96128
10.380	9.315	29.800	0.58660	0.96306
10.380	9.269	29.800	0.57990	0.96473
10.380	9.223	29.800	0.57320	0.96628
10.380	9.177	29.800	0.56650	0.96788
10.380	9.130	29.800	0.55990	0.96952
10.380	9.084	29.800	0.55320	0.97104
10.380	9.038	29.800	0.54660	0.97260
10.380	8.992	29.800	0.54000	0.97420
10.380	8.945	29.800	0.53350	0.97586
10.380	8.899	29.800	0.52700	0.97756
10.380	8.853	29.800	0.52050	0.97912
10.380	8.807	29.800	0.51400	0.98054
10.380	8.761	29.800	0.50760	0.98220
10.380	8.714	29.800	0.50120	0.98545
10.380	8.668	29.800	0.49480	0.98684
10.380	8.622	29.800	0.48840	0.98826
10.380	8.576	29.800	0.48210	0.98994
10.380	8.529	29.800	0.47580	0.99125
10.380	8.483	29.800	0.46960	0.99155
10.380	8.437	29.800	0.46330	0.99293
10.380	8.391	29.800	0.45720	0.99478
10.380	8.345	29.800	0.45100	0.99624
10.380	8.298	29.800	0.44490	0.99776
10.380	8.252	29.800	0.43880	0.99932
10.380	8.206	29.800	0.43280	1.00093
10.380	8.160	29.800	0.42670	1.00235
10.380	8.114	29.800	0.42080	1.00406
10.380	8.067	29.800	0.41480	1.00533
10.380	8.021	29.800	0.40890	1.00689
10.380	7.975	29.800	0.40310	1.00851
10.380	7.929	29.800	0.39720	1.00992
10.380	7.882	29.800	0.39150	1.01163
10.380	7.836	29.800	0.38570	1.01313
10.380	7.790	29.800	0.38000	1.01469
10.380	7.744	29.800	0.37430	1.01602
10.380	7.698	29.800	0.36870	1.01766
10.380	7.651	29.800	0.36310	1.01909
10.380	7.605	29.800	0.35760	1.02113
10.380	7.559	29.800	0.35210	1.02265
10.380	7.513	29.800	0.34660	1.02423
10.380	7.466	29.800	0.34120	1.02555
10.380	7.420	29.800	0.33580	1.02723
10.380	7.374	29.800	0.33050	1.02863
10.380	7.328	29.800	0.32520	1.03009
10.380	7.282	29.800	0.31990	1.03160
10.380	7.235	29.800	0.31470	1.03282
10.380	7.189	29.800	0.30950	1.03443
10.380	7.143	29.800	0.30440	1.03608
10.380	7.097	29.800	0.29930	1.03744
10.380	7.050	29.800	0.29430	1.03919
10.380	7.004	29.800	0.28930	1.04065
10.380	6.958	29.800	0.28430	1.04216
10.380	6.912	29.800	0.27940	1.04371
10.380	6.866	29.800	0.27460	1.04530
10.380	6.819	29.800	0.26980	1.04695
10.380	6.773	29.800	0.26500	1.04826
10.380	6.727	29.800	0.26030	1.05002
10.380	6.681	29.800	0.25560	1.05142
10.380	6.634	29.800	0.25090	1.05287
10.380	6.588	29.800	0.24630	1.05437
10.380	6.542	29.800	0.24180	1.05590
10.380	6.496	29.800	0.23730	1.05749
10.380	6.450	29.800	0.23280	1.05914
10.380	6.403	29.800	0.22840	1.06035
10.380	6.357	29.800	0.22410	1.06259
10.380	6.311	29.800	0.21980	1.06389
10.380	6.265	29.800	0.21550	1.06578
10.380	6.219	29.800	0.21130	1.06717
10.380	6.172	29.800	0.20710	1.06863
10.380	6.126	29.800	0.20290	1.07015
10.380	6.080	29.800	0.19890	1.07224
10.380	6.034	29.800	0.19480	1.07328
10.380	5.987	29.800	0.19080	1.07493
10.380	5.941	29.800	0.18690	1.07661
10.380	5.895	29.800	0.18300	1.07837
10.380	5.849	29.800	0.17910	1.07957
10.380	5.803	29.800	0.17530	1.08143
10.380	5.756	29.800	0.17150	1.08270
10.380	5.710	29.800	0.16780	1.08468
10.380	9.462	30.000	0.59180	0.95776
10.380	9.415	30.000	0.58510	0.95934
10.380	9.369	30.000	0.57840	0.96112
10.380	9.322	30.000	0.57170	0.96246
10.380	9.275	30.000	0.56510	0.96417
10.380	9.229	30.000	0.55850	0.96593
10.380	9.182	30.000	0.55190	0.96757
10.380	9.136	30.000	0.54530	0.96891
10.380	9.089	30.000	0.53870	0.97046
10.380	9.043	30.000	0.53220	0.97223
10.380	8.996	30.000	0.52570	0.97370
10.380	8.949	30.000	0.51920	0.97539
10.380	8.903	30.000	0.51280	0.97695
10.380	8.856	30.000	0.50640	0.97855
10.380	8.810	30.000	0.50000	0.98020
10.380	8.763	30.000	0.49360	0.98170
10.380	8.717	30.000	0.48730	0.98484
10.380	8.670	30.000	0.48100	0.98646
10.380	8.623	30.000	0.47480	0.98814
10.380	8.577	30.000	0.46850	0.98944
10.380	8.530	30.000	0.46230	0.99100
10.380	8.484	30.000	0.45620	0.99131
10.380	8.437	30.000	0.45000	0.99272
10.380	8.390	30.000	0.44390	0.99440
10.380	8.344	30.000	0.43790	0.99591
10.380	8.297	30.000	0.43180	0.99723
10.380	8.251	30.000	0.42590	0.99906
10.380	8.204	30.000	0.41990	1.00048
10.380	8.158	30.000	0.41400	1.00218
10.380	8.111	30.000	0.40810	1.00369
10.380	8.064	30.000	0.40230	1.00525
10.380	8.018	30.000	0.39640	1.00660
10.380	7.971	30.000	0.39070	1.00826
10.380	7.925	30.000	0.38500	1.00997
10.380	7.878	30.000	0.37930	1.01147
10.380	7.831	30.000	0.37360	1.01302
10.380	7.785	30.000	0.36800	1.01461
10.380	7.738	30.000	0.36240	1.01598
10.380	7.692	30.000	0.35690	1.01739
10.380	7.645	30.000	0.35140	1.01944
10.380	7.599	30.000	0.34600	1.02095
10.380	7.552	30.000	0.34060	1.02252
10.380	7.505	30.000	0.33520	1.02414
10.380	7.459	30.000	0.32990	1.02549
10.380	7.412	30.000	0.32460	1.02689
10.380	7.366	30.000	0.31940	1.02866
10.380	7.319	30.000	0.31420	1.03016
10.380	7.272	30.000	0.30900	1.03138
10.380	7.226	30.000	0.30390	1.03297
10.380	7.179	30.000	0.29880	1.03427
10.380	7.133	30.000	0.29380	1.03597
10.380	7.086	30.000	0.28880	1.03736
10.380	7.040	30.000	0.28390	1.03917
10.380	6.993	30.000	0.27900	1.04066
10.380	6.946	30.000	0.27420	1.04219
10.380	6.900	30.000	0.26940	1.04378
10.380	6.853	30.000	0.26460	1.04502
10.380	6.807	30.000	0.25990	1.04672
10.380	6.760	30.000	0.25520	1.04805
10.380	6.714	30.000	0.25060	1.04985
10.380	6.667	30.000	0.24600	1.05128
10.380	6.620	30.000	0.24150	1.05321
10.380	6.574	30.000	0.23700	1.05427
10.380	6.527	30.000	0.23260	1.05631
10.380	6.481	30.000	0.22820	1.05795
10.380	6.434	30.000	0.22380	1.05916
10.380	6.387	30.000	0.21950	1.06090
10.380	6.341	30.000	0.21530	1.06269
10.380	6.294	30.000	0.21110	1.06401
10.380	6.248	30.000	0.20690	1.06595
10.380	6.201	30.000	0.20280	1.06737
10.380	6.155	30.000	0.19870	1.06885
10.380	6.108	30.000	0.19470	1.07037
10.380	6.061	30.000	0.19070	1.07195
10.380	6.015	30.000	0.18680	1.07418
10.380	5.968	30.000	0.18290	1.07525
10.380	5.922	30.000	0.17900	1.07702
10.380	5.875	30.000	0.17520	1.07815
10.380	5.828	30.000	0.17150	1.07997
10.380	5.782	30.000	0.16780	1.08188
10.380	5.735	30.000	0.16410	1.08317
10.380	5.689	30.000	0.16050	1.08519
10.380	5.642	30.000	0.15700	1.08726
10.380	5.596	30.000	0.15340	1.08794
10.380	9.377	30.200	0.56410	0.96050
10.380	9.330	30.200	0.55750	0.96187
10.380	9.283	30.200	0.55090	0.96345
10.380	9.236	30.200	0.54440	0.96525
10.380	9.189	30.200	0.53790	0.96692
10.380	9.142	30.200	0.53140	0.96847
10.380	9.095	30.200	0.52490	0.97006
10.380	9.048	30.200	0.51840	0.97151
10.380	9.001	30.200	0.51200	0.97320
10.380	8.954	30.200	0.50560	0.97493
10.380	8.907	30.200	0.49930	0.97653
10.380	8.860	30.200	0.49290	0.97817
10.380	8.813	30.200	0.48660	0.97967
10.380	8.766	30.200	0.48030	0.98121
10.380	8.720	30.200	0.47410	0.98463
10.380	8.673	30.200	0.46790	0.98609
10.380	8.626	30.200	0.46170	0.98759
10.380	8.579	30.200	0.45560	0.98914
10.380	8.532	30.200	0.44940	0.99052
10.380	8.485	30.200	0.44340	0.99106
10.380	8.438	30.200	0.43730	0.99251
10.380	8.391	30.200	0.43130	0.99401
10.380	8.344	30.200	0.42530	0.99555
10.380	8.297	30.200	0.41940	0.99715
10.380	8.250	30.200	0.41350	0.99855
10.380	8.203	30.200	0.40760	1.00025
10.380	8.156	30.200	0.40180	1.00175
10.380	8.109	30.200	0.39600	1.00329
10.380	8.062	30.200	0.39030	1.00515
10.380	8.015	30.200	0.38450	1.00654
10.380	7.968	30.200	0.37890	1.00825
10.380	7.921	30.200	0.37320	1.00947
10.380	7.875	30.200	0.36760	1.01100
10.380	7.828	30.200	0.36210	1.01287
10.380	7.781	30.200	0.35660	1.01451
10.380	7.734	30.200	0.35110	1.01591
10.380	7.687	30.200	0.34570	1.01736
10.380	7.640	30.200	0.34030	1.01917
10.380	7.593	30.200	0.33490	1.02073
10.380	7.546	30.200	0.32960	1.02233
10.380	7.499	30.200	0.32430	1.02367
10.380	7.452	30.200	0.31910	1.02539
10.380	7.405	30.200	0.31390	1.02682
10.380	7.358	30.200	0.30880	1.02831
10.380	7.311	30.200	0.30370	1.02984
10.380	7.264	30.200	0.29860	1.03108
10.380	7.217	30.200	0.29360	1.03271
10.380	7.170	30.200	0.28870	1.03440
10.380	7.123	30.200	0.28380	1.03614
10.380	7.076	30.200	0.27890	1.03757
10.380	7.030	30.200	0.27400	1.03867
10.380	6.983	30.200	0.26930	1.04057
10.380	6.936	30.200	0.26450	1.04216
10.380	6.889	30.200	0.25980	1.04379
10.380	6.842	30.200	0.25520	1.04547
10.380	6.795	30.200	0.25050	1.04680
10.380	6.748	30.200	0.24600	1.04859
10.380	6.701	30.200	0.24150	1.05000
10.380	6.654	30.200	0.23700	1.05146
10.380	6.607	30.200	0.23260	1.05344
10.380	6.560	30.200	0.22820	1.05502
10.380	6.513	30.200	0.22380	1.05616
10.380	6.466	30.200	0.21950	1.05783
10.380	6.419	30.200	0.21530	1.05955
10.380	6.372	30.200	0.21110	1.06080
10.380	6.325	30.200	0.20690	1.06266
10.380	6.278	30.200	0.20280	1.06401
10.380	6.231	30.200	0.19880	1.06595
10.380	6.185	30.200	0.19480	1.06798
10.380	6.138	30.200	0.19080	1.06891
10.380	6.091	30.200	0.18690	1.07106
10.380	6.044	30.200	0.18300	1.07268
10.380	5.997	30.200	0.17920	1.07434
10.380	5.950	30.200	0.17540	1.07607
10.380	5.903	30.200	0.17160	1.07721
10.380	5.856	30.200	0.16790	1.07836
10.380	5.809	30.200	0.16430	1.08092
10.380	5.762	30.200	0.16070	1.08215
10.380	5.715	30.200	0.15710	1.08345
10.380	5.668	30.200	0.15360	1.08551
10.380	5.621	30.200	0.15020	1.08762
10.380	5.574	30.200	0.14680	1.08902
10.380	5.527	30.200	0.14340	1.09049
10.380	5.480	30.200	0.14010	1.09282
