10.380	11.049	19.800	11.19000	0.88739
10.380	11.018	19.800	11.16000	0.88854
10.380	10.987	19.800	11.13000	0.89040
10.380	10.956	19.800	11.10000	0.89157
10.380	10.925	19.800	11.07000	0.89346
10.380	10.894	19.800	11.04000	0.89465
10.380	10.863	19.800	11.01000	0.89658
10.380	10.832	19.800	10.98000	0.89779
10.380	10.801	19.800	10.95000	0.89975
10.380	10.770	19.800	10.92000	0.90099
10.380	10.739	19.800	10.89000	0.90299
10.380	10.708	19.800	10.86000	0.90425
10.380	10.677	19.800	10.82000	0.90468
10.380	10.646	19.800	10.79000	0.90672
10.380	10.615	19.800	10.76000	0.90802
10.380	10.584	19.800	10.73000	0.91009
10.380	10.553	19.800	10.69000	0.91056
10.380	10.522	19.800	10.66000	0.91267
10.380	10.491	19.800	10.63000	0.91402
10.380	10.460	19.800	10.60000	0.91616
10.380	10.429	19.800	10.56000	0.91667
10.380	10.398	19.800	10.53000	0.91885
10.380	10.367	19.800	10.49000	0.91937
10.380	10.335	19.800	10.46000	0.92159
10.380	10.304	19.800	10.43000	0.92301
10.380	10.273	19.800	10.39000	0.92438
10.380	10.242	19.800	10.36000	0.92583
10.380	10.211	19.800	10.32000	0.92639
10.380	10.180	19.800	10.28000	0.92780
10.380	10.149	19.800	10.25000	0.92928
10.380	10.118	19.800	10.21000	0.93072
10.380	10.087	19.800	10.18000	0.93223
10.380	10.056	19.800	10.14000	0.93370
10.380	10.025	19.800	10.10000	0.93432
10.380	9.994	19.800	10.07000	0.93587
10.380	9.963	19.800	10.03000	0.93738
10.380	9.932	19.800	9.99400	0.93840
10.380	9.901	19.800	9.95700	0.94023
10.380	9.870	19.800	9.91900	0.94108
10.380	9.839	19.800	9.88200	0.94294
10.380	9.808	19.800	9.84400	0.94382
10.380	9.777	19.800	9.80600	0.94470
10.380	9.746	19.800	9.76800	0.94651
10.380	9.715	19.800	9.72900	0.94732
10.380	9.684	19.800	9.69000	0.94907
10.380	9.653	19.800	9.65200	0.95000
10.380	9.622	19.800	9.61300	0.95178
10.380	9.591	19.800	9.57300	0.95254
10.380	9.559	19.800	9.53400	0.95388
10.380	9.528	19.800	9.49400	0.95503
10.380	9.497	19.800	9.45400	0.95640
10.380	9.466	19.800	9.41500	0.95778
10.380	9.435	19.800	9.37400	0.95888
10.380	9.404	19.800	9.33400	0.96009
10.380	9.373	19.800	9.29400	0.96132
10.380	9.342	19.800	9.25300	0.96245
10.380	9.311	19.800	9.21200	0.96360
10.380	9.280	19.800	9.17100	0.96486
10.380	9.249	19.800	9.13000	0.96614
10.380	9.218	19.800	9.08900	0.96733
10.380	9.187	19.800	9.04700	0.96853
10.380	9.156	19.800	9.00500	0.96963
10.380	9.125	19.800	8.96400	0.97097
10.380	9.094	19.800	8.92200	0.97211
10.380	9.063	19.800	8.87900	0.97325
10.380	9.032	19.800	8.83700	0.97442
10.380	9.001	19.800	8.79500	0.97570
10.380	8.970	19.800	8.75200	0.97689
10.380	8.939	19.800	8.70900	0.97799
10.380	8.908	19.800	8.66600	0.97921
10.380	8.877	19.800	8.62300	0.98033
10.380	8.846	19.800	8.58000	0.98158
10.380	8.814	19.800	8.53700	0.98273
10.380	8.783	19.800	8.49300	0.98390
10.380	8.752	19.800	8.45000	0.98508
10.380	8.721	19.800	8.40600	0.98627
10.380	8.690	19.800	8.36200	0.98737
10.380	8.659	19.800	8.31800	0.98847
10.380	8.628	19.800	8.27400	0.98971
10.380	8.597	19.800	8.23000	0.99085
10.380	8.566	19.800	8.18500	0.99200
10.380	8.535	19.800	8.14100	0.99317
10.380	8.504	19.800	8.09600	0.99423
10.380	8.473	19.800	8.05100	0.99543
10.380	8.442	19.800	8.00700	0.99664
10.380	8.411	19.800	7.96200	0.99774
10.380	8.380	19.800	7.91600	0.99874
10.380	8.349	19.800	7.87100	1.00000
10.380	8.318	19.800	7.82600	1.00115
10.380	8.287	19.800	7.78000	1.00219
10.380	8.256	19.800	7.73500	1.00337
10.380	8.225	19.800	7.68900	1.00444
10.380	8.194	19.800	7.64400	1.00566
10.380	8.163	19.800	7.59800	1.00676
10.380	8.132	19.800	7.55200	1.00787
10.380	8.101	19.800	7.50600	1.00901
10.380	8.069	19.800	7.46000	1.01016
10.380	8.038	19.800	7.41400	1.01118
10.380	8.007	19.800	7.36700	1.01223
10.380	7.976	19.800	7.32100	1.01343
10.380	7.945	19.800	7.27400	1.01450
10.380	7.914	19.800	7.22800	1.01560
10.380	7.883	19.800	7.18100	1.01671
10.380	7.852	19.800	7.13500	1.01783
10.380	7.821	19.800	7.08800	1.01898
10.380	7.790	19.800	7.04100	1.01999
10.380	7.759	19.800	6.99400	1.02117
10.380	7.728	19.800	6.94700	1.02222
10.380	7.697	19.800	6.90000	1.02328
10.380	7.666	19.800	6.85300	1.02452
10.380	7.635	19.800	6.80600	1.02562
10.380	7.604	19.800	6.75900	1.02674
10.380	7.573	19.800	6.71200	1.02787
10.380	7.542	19.800	6.66400	1.02887
10.380	7.511	19.800	6.61700	1.03004
10.380	7.480	19.800	6.57000	1.03124
10.380	7.449	19.800	6.52200	1.03229
10.380	7.418	19.800	6.47500	1.03335
10.380	7.387	19.800	6.42700	1.03444
10.380	7.356	19.800	6.38000	1.03555
10.380	7.325	19.800	6.33200	1.03667
10.380	7.293	19.800	6.28400	1.03765
10.380	7.262	19.800	6.23700	1.03881
10.380	7.231	19.800	6.18900	1.03999
10.380	7.200	19.800	6.14200	1.04119
10.380	7.169	19.800	6.09400	1.04224
10.380	7.138	19.800	6.04600	1.04331
10.380	7.107	19.800	5.99800	1.04422
10.380	7.076	19.800	5.95100	1.04550
10.380	7.045	19.800	5.90300	1.04663
10.380	7.014	19.800	5.85500	1.04759
10.380	6.983	19.800	5.80700	1.04857
10.380	6.952	19.800	5.76000	1.04995
10.380	6.921	19.800	5.71200	1.05097
10.380	6.890	19.800	5.66400	1.05201
10.380	6.859	19.800	5.61600	1.05307
10.380	6.828	19.800	5.56900	1.05434
10.380	6.797	19.800	5.52100	1.05524
10.380	6.766	19.800	5.47300	1.05636
10.380	6.735	19.800	5.42600	1.05749
10.380	6.704	19.800	5.37800	1.05866
10.380	6.673	19.800	5.33000	1.05964
10.380	6.642	19.800	5.28300	1.06084
10.380	6.611	19.800	5.23500	1.06187
10.380	6.580	19.800	5.18800	1.06311
10.380	6.548	19.800	5.14000	1.06396
10.380	6.517	19.800	5.09300	1.06526
10.380	6.486	19.800	5.04500	1.06615
10.380	6.455	19.800	4.99800	1.06749
10.380	6.424	19.800	4.95000	1.06842
10.380	6.393	19.800	4.90300	1.06959
10.380	6.362	19.800	4.85600	1.07078
10.380	6.331	19.800	4.80900	1.07176
10.380	6.300	19.800	4.76200	1.07301
10.380	6.269	19.800	4.71500	1.07403
10.380	6.238	19.800	4.66800	1.07508
10.380	6.207	19.800	4.62100	1.07615
10.380	6.176	19.800	4.57400	1.07725
10.380	6.145	19.800	4.52700	1.07837
10.380	6.114	19.800	4.48100	1.07950
10.380	6.083	19.800	4.43400	1.08067
10.380	6.052	19.800	4.38800	1.08185
10.380	6.021	19.800	4.34100	1.08281
10.380	5.990	19.800	4.29500	1.08405
10.380	5.959	19.800	4.24900	1.08504
10.380	5.928	19.800	4.20300	1.08633
10.380	5.897	19.800	4.15700	1.08737
10.380	5.866	19.800	4.11100	1.08843
10.380	5.835	19.800	4.06500	1.08952
10.380	5.803	19.800	4.01900	1.09064
10.380	5.772	19.800	3.97400	1.09176
10.380	5.741	19.800	3.92900	1.09321
10.380	5.710	19.800	3.88300	1.09411
10.380	5.679	19.800	3.83800	1.09501
10.380	5.648	19.800	3.79300	1.09624
10.380	5.617	19.800	3.74800	1.09751
10.380	5.586	19.800	3.70400	1.09878
10.380	5.555	19.800	3.65900	1.09979
10.380	5.524	19.800	3.61500	1.10113
10.380	5.493	19.800	3.57000	1.10185
10.380	5.462	19.800	3.52600	1.10291
10.380	5.431	19.800	3.48200	1.10399
10.380	5.400	19.800	3.43900	1.10543
10.380	5.369	19.800	3.39500	1.10658
10.380	5.338	19.800	3.35100	1.10740
10.380	5.307	19.800	3.30800	1.10858
10.380	5.276	19.800	3.26500	1.10979
10.380	5.245	19.800	3.22200	1.11103
10.380	5.214	19.800	3.18000	1.11228
10.380	5.183	19.800	3.13700	1.11320
10.380	5.152	19.800	3.09500	1.11451
10.380	5.121	19.800	3.05300	1.11586
10.380	5.090	19.800	3.01100	1.11684
10.380	5.059	19.800	2.96900	1.11785
10.380	5.027	19.800	2.92700	1.11888
10.380	4.996	19.800	2.88600	1.12034
10.380	4.965	19.800	2.84500	1.12140
10.380	4.934	19.800	2.80400	1.12250
10.380	4.903	19.800	2.76400	1.12403
10.380	4.872	19.800	2.72300	1.12474
10.380	4.841	19.800	2.68300	1.12589
10.380	10.975	20.000	10.67000	0.89140
10.380	10.944	20.000	10.64000	0.89262
10.380	10.913	20.000	10.61000	0.89460
10.380	10.882	20.000	10.58000	0.89585
10.380	10.850	20.000	10.55000	0.89711
10.380	10.819	20.000	10.52000	0.89915
10.380	10.788	20.000	10.49000	0.90043
10.380	10.756	20.000	10.46000	0.90250
10.380	10.725	20.000	10.43000	0.90381
10.380	10.694	20.000	10.40000	0.90513
10.380	10.663	20.000	10.37000	0.90726
10.380	10.631	20.000	10.34000	0.90861
10.380	10.600	20.000	10.30000	0.90989
10.380	10.569	20.000	10.27000	0.91127
10.380	10.537	20.000	10.24000	0.91266
10.380	10.506	20.000	10.20000	0.91398
10.380	10.475	20.000	10.17000	0.91539
10.380	10.444	20.000	10.14000	0.91682
10.380	10.412	20.000	10.10000	0.91818
10.380	10.381	20.000	10.07000	0.91963
10.380	10.350	20.000	10.04000	0.92195
10.380	10.318	20.000	10.00000	0.92251
10.380	10.287	20.000	9.96800	0.92382
10.380	10.256	20.000	9.93400	0.92582
10.380	10.225	20.000	9.89900	0.92687
10.380	10.193	20.000	9.86400	0.92881
10.380	10.162	20.000	9.82900	0.92990
10.380	10.131	20.000	9.79300	0.93089
10.380	10.099	20.000	9.75700	0.93279
10.380	10.068	20.000	9.72100	0.93381
10.380	10.037	20.000	9.68500	0.93485
10.380	10.006	20.000	9.64900	0.93680
10.380	9.974	20.000	9.61200	0.93776
10.380	9.943	20.000	9.57600	0.93882
10.380	9.912	20.000	9.53900	0.93980
10.380	9.880	20.000	9.50200	0.94172
10.380	9.849	20.000	9.46500	0.94273
10.380	9.818	20.000	9.42700	0.94412
10.380	9.787	20.000	9.38900	0.94533
10.380	9.755	20.000	9.35200	0.94665
10.380	9.724	20.000	9.31400	0.94799
10.380	9.693	20.000	9.27500	0.94914
10.380	9.661	20.000	9.23700	0.95050
10.380	9.630	20.000	9.19800	0.95168
10.380	9.599	20.000	9.16000	0.95298
10.380	9.567	20.000	9.12100	0.95428
10.380	9.536	20.000	9.08200	0.95560
10.380	9.505	20.000	9.04200	0.95683
10.380	9.474	20.000	9.00300	0.95807
10.380	9.442	20.000	8.96300	0.95923
10.380	9.411	20.000	8.92400	0.96050
10.380	9.380	20.000	8.88400	0.96168
10.380	9.348	20.000	8.84400	0.96287
10.380	9.317	20.000	8.80300	0.96408
10.380	9.286	20.000	8.76300	0.96530
10.380	9.255	20.000	8.72200	0.96643
10.380	9.223	20.000	8.68200	0.96779
10.380	9.192	20.000	8.64100	0.96894
10.380	9.161	20.000	8.60000	0.97011
10.380	9.129	20.000	8.55900	0.97140
10.380	9.098	20.000	8.51700	0.97248
10.380	9.067	20.000	8.47600	0.97381
10.380	9.036	20.000	8.43400	0.97492
10.380	9.004	20.000	8.39300	0.97627
10.380	8.973	20.000	8.35100	0.97741
10.380	8.942	20.000	8.30900	0.97857
10.380	8.910	20.000	8.26600	0.97962
10.380	8.879	20.000	8.22400	0.98092
10.380	8.848	20.000	8.18200	0.98211
10.380	8.817	20.000	8.13900	0.98321
10.380	8.785	20.000	8.09700	0.98444
10.380	8.754	20.000	8.05400	0.98568
10.380	8.723	20.000	8.01100	0.98682
10.380	8.691	20.000	7.96800	0.98797
10.380	8.660	20.000	7.92500	0.98914
10.380	8.629	20.000	7.88100	0.99020
10.380	8.598	20.000	7.83800	0.99140
10.380	8.566	20.000	7.79400	0.99249
10.380	8.535	20.000	7.75100	0.99372
10.380	8.504	20.000	7.70700	0.99484
10.380	8.472	20.000	7.66300	0.99597
10.380	8.441	20.000	7.61900	0.99712
10.380	8.410	20.000	7.57500	0.99829
10.380	8.379	20.000	7.53100	0.99947
10.380	8.347	20.000	7.48700	1.00053
10.380	8.316	20.000	7.44200	1.00162
10.380	8.285	20.000	7.39800	1.00285
10.380	8.253	20.000	7.35400	1.00410
10.380	8.222	20.000	7.30900	1.00509
10.380	8.191	20.000	7.26400	1.00623
10.380	8.160	20.000	7.21900	1.00740
10.380	8.128	20.000	7.17500	1.00857
10.380	8.097	20.000	7.13000	1.00963
10.380	8.066	20.000	7.08500	1.01084
10.380	8.034	20.000	7.03900	1.01179
10.380	8.003	20.000	6.99400	1.01289
10.380	7.972	20.000	6.94900	1.01401
10.380	7.941	20.000	6.90400	1.01514
10.380	7.909	20.000	6.85800	1.01630
10.380	7.878	20.000	6.81300	1.01747
10.380	7.847	20.000	6.76700	1.01851
10.380	7.815	20.000	6.72200	1.01972
10.380	7.784	20.000	6.67600	1.02080
10.380	7.753	20.000	6.63100	1.02188
10.380	7.722	20.000	6.58500	1.02299
10.380	7.690	20.000	6.53900	1.02412
10.380	7.659	20.000	6.49300	1.02526
10.380	7.628	20.000	6.44700	1.02627
10.380	7.596	20.000	6.40100	1.02745
10.380	7.565	20.000	6.35500	1.02848
10.380	7.534	20.000	6.30900	1.02954
10.380	7.502	20.000	6.26300	1.03078
10.380	7.471	20.000	6.21700	1.03187
10.380	7.440	20.000	6.17100	1.03298
10.380	7.409	20.000	6.12500	1.03410
10.380	7.377	20.000	6.07900	1.03525
10.380	7.346	20.000	6.03300	1.03642
10.380	7.315	20.000	5.98700	1.03761
10.380	7.283	20.000	5.94000	1.03846
10.380	7.252	20.000	5.89400	1.03969
10.380	7.221	20.000	5.84800	1.04075
10.380	7.190	20.000	5.80200	1.04203
10.380	7.158	20.000	5.75500	1.04295
10.380	7.127	20.000	5.70900	1.04407
10.380	7.096	20.000	5.66300	1.04522
10.380	7.064	20.000	5.61700	1.04639
10.380	7.033	20.000	5.57000	1.04739
10.380	7.002	20.000	5.52400	1.04840
10.380	6.971	20.000	5.47800	1.04963
10.380	6.939	20.000	5.43100	1.05048
10.380	6.908	20.000	5.38500	1.05176
10.380	6.877	20.000	5.33900	1.05285
10.380	6.845	20.000	5.29300	1.05396
10.380	6.814	20.000	5.24700	1.05510
10.380	6.783	20.000	5.20100	1.05626
10.380	6.752	20.000	5.15400	1.05723
10.380	6.720	20.000	5.10800	1.05821
10.380	6.689	20.000	5.06200	1.05944
10.380	6.658	20.000	5.01600	1.06047
10.380	6.626	20.000	4.97000	1.06151
10.380	6.595	20.000	4.92400	1.06281
10.380	6.564	20.000	4.87800	1.06367
10.380	6.533	20.000	4.83300	1.06501
10.380	6.501	20.000	4.78700	1.06615
10.380	6.470	20.000	4.74100	1.06707
10.380	6.439	20.000	4.69500	1.06826
10.380	6.407	20.000	4.65000	1.06946
10.380	6.376	20.000	4.60400	1.07045
10.380	6.345	20.000	4.55900	1.07170
10.380	6.314	20.000	4.51300	1.07274
10.380	6.282	20.000	4.46800	1.07378
10.380	6.251	20.000	4.42300	1.07511
10.380	6.220	20.000	4.37800	1.07620
10.380	6.188	20.000	4.33200	1.07708
10.380	6.157	20.000	4.28700	1.07822
10.380	6.126	20.000	4.24300	1.07964
10.380	6.095	20.000	4.19800	1.08057
10.380	6.063	20.000	4.15300	1.08179
10.380	6.032	20.000	4.10800	1.08276
10.380	6.001	20.000	4.06400	1.08402
10.380	5.969	20.000	4.01900	1.08504
10.380	5.938	20.000	3.97500	1.08607
10.380	5.907	20.000	3.93100	1.08741
10.380	5.876	20.000	3.88700	1.08849
10.380	5.844	20.000	3.84300	1.08959
10.380	5.813	20.000	3.79900	1.09073
10.380	5.782	20.000	3.75500	1.09189
10.380	5.750	20.000	3.71100	1.09276
10.380	5.719	20.000	3.66800	1.09395
10.380	5.688	20.000	3.62500	1.09517
10.380	5.657	20.000	3.58100	1.09611
10.380	5.625	20.000	3.53800	1.09739
10.380	5.594	20.000	3.49500	1.09837
10.380	5.563	20.000	3.45300	1.09968
10.380	5.531	20.000	3.41000	1.10071
10.380	5.500	20.000	3.36800	1.10209
10.380	5.469	20.000	3.32500	1.10319
10.380	5.438	20.000	3.28300	1.10427
10.380	5.406	20.000	3.24100	1.10539
10.380	5.375	20.000	3.19900	1.10654
10.380	5.344	20.000	3.15800	1.10768
10.380	5.312	20.000	3.11600	1.10890
10.380	5.281	20.000	3.07500	1.11011
10.380	5.250	20.000	3.03400	1.11095
10.380	5.218	20.000	2.99300	1.11223
10.380	5.187	20.000	2.95200	1.11312
10.380	5.156	20.000	2.91200	1.11443
10.380	5.125	20.000	2.87200	1.11577
10.380	5.093	20.000	2.83200	1.11716
10.380	5.062	20.000	2.79200	1.11814
10.380	5.031	20.000	2.75200	1.11915
10.380	4.999	20.000	2.71300	1.12061
10.380	4.968	20.000	2.67300	1.12122
10.380	4.937	20.000	2.63400	1.12276
10.380	4.906	20.000	2.59500	1.12338
10.380	4.874	20.000	2.55700	1.12495
10.380	4.843	20.000	2.51900	1.12657
10.380	4.812	20.000	2.48000	1.12727
10.380	4.780	20.000	2.44300	1.12841
10.380	4.749	20.000	2.40500	1.12964
10.380	4.718	20.000	2.36800	1.13085
10.380	10.901	20.200	10.18000	0.89613
10.380	10.869	20.200	10.15000	0.89744
10.380	10.838	20.200	10.12000	0.89876
10.380	10.806	20.200	10.09000	0.90089
10.380	10.775	20.200	10.06000	0.90224
10.380	10.743	20.200	10.03000	0.90360
10.380	10.712	20.200	9.99700	0.90553
10.380	10.680	20.200	9.96600	0.90682
10.380	10.648	20.200	9.93400	0.90804
10.380	10.617	20.200	9.90200	0.91011
10.380	10.585	20.200	9.87000	0.91136
10.380	10.554	20.200	9.83700	0.91252
10.380	10.522	20.200	9.80400	0.91370
10.380	10.491	20.200	9.77100	0.91575
10.380	10.459	20.200	9.73800	0.91695
10.380	10.428	20.200	9.70500	0.91816
10.380	10.396	20.200	9.67100	0.92017
10.380	10.365	20.200	9.63800	0.92141
10.380	10.333	20.200	9.60400	0.92257
10.380	10.302	20.200	9.57000	0.92464
10.380	10.270	20.200	9.53500	0.92573
10.380	10.238	20.200	9.50100	0.92693
10.380	10.207	20.200	9.46600	0.92804
10.380	10.175	20.200	9.43100	0.93008
10.380	10.144	20.200	9.39600	0.93122
10.380	10.112	20.200	9.36000	0.93227
10.380	10.081	20.200	9.32500	0.93390
10.380	10.049	20.200	9.28900	0.93517
10.380	10.018	20.200	9.25300	0.93654
10.380	9.986	20.200	9.21700	0.93783
10.380	9.955	20.200	9.18100	0.93923
10.380	9.923	20.200	9.14400	0.94035
10.380	9.892	20.200	9.10700	0.94168
10.380	9.860	20.200	9.07100	0.94303
10.380	9.828	20.200	9.03400	0.94439
10.380	9.797	20.200	8.99600	0.94555
10.380	9.765	20.200	8.95900	0.94694
10.380	9.734	20.200	8.92100	0.94813
10.380	9.702	20.200	8.88400	0.94945
10.380	9.671	20.200	8.84600	0.95077
10.380	9.639	20.200	8.80800	0.95201
10.380	9.608	20.200	8.76900	0.95326
10.380	9.576	20.200	8.73100	0.95452
10.380	9.545	20.200	8.69200	0.95590
10.380	9.513	20.200	8.65400	0.95720
10.380	9.482	20.200	8.61500	0.95839
10.380	9.450	20.200	8.57600	0.95961
10.380	9.418	20.200	8.53700	0.96094
10.380	9.387	20.200	8.49700	0.96196
10.380	9.355	20.200	8.45800	0.96322
10.380	9.324	20.200	8.41800	0.96437
10.380	9.292	20.200	8.37800	0.96565
10.380	9.261	20.200	8.33800	0.96684
10.380	9.229	20.200	8.29800	0.96804
10.380	9.198	20.200	8.25800	0.96936
10.380	9.166	20.200	8.21800	0.97059
10.380	9.135	20.200	8.17700	0.97172
10.380	9.103	20.200	8.13700	0.97298
10.380	9.072	20.200	8.09600	0.97413
10.380	9.040	20.200	8.05500	0.97542
10.380	9.009	20.200	8.01400	0.97660
10.380	8.977	20.200	7.97300	0.97780
10.380	8.945	20.200	7.93100	0.97889
10.380	8.914	20.200	7.89000	0.98012
10.380	8.882	20.200	7.84800	0.98125
10.380	8.851	20.200	7.80700	0.98251
10.380	8.819	20.200	7.76500	0.98366
10.380	8.788	20.200	7.72300	0.98483
10.380	8.756	20.200	7.68100	0.98601
10.380	8.725	20.200	7.63900	0.98721
10.380	8.693	20.200	7.59700	0.98842
10.380	8.662	20.200	7.55400	0.98952
10.380	8.630	20.200	7.51200	0.99077
10.380	8.599	20.200	7.46900	0.99190
10.380	8.567	20.200	7.42700	0.99305
10.380	8.535	20.200	7.38400	0.99421
10.380	8.504	20.200	7.34100	0.99539
10.380	8.472	20.200	7.29800	0.99645
10.380	8.441	20.200	7.25500	0.99766
10.380	8.409	20.200	7.21200	0.99875
10.380	8.378	20.200	7.16900	1.00000
10.380	8.346	20.200	7.12600	1.00112
10.380	8.315	20.200	7.08200	1.00226
10.380	8.283	20.200	7.03900	1.00342
10.380	8.252	20.200	6.99500	1.00445
10.380	8.220	20.200	6.95200	1.00579
10.380	8.189	20.200	6.90800	1.00685
10.380	8.157	20.200	6.86400	1.00793
10.380	8.125	20.200	6.82000	1.00903
10.380	8.094	20.200	6.77700	1.01029
10.380	8.062	20.200	6.73300	1.01142
10.380	8.031	20.200	6.68900	1.01256
10.380	7.999	20.200	6.64400	1.01358
10.380	7.968	20.200	6.60000	1.01460
10.380	7.936	20.200	6.55600	1.01580
10.380	7.905	20.200	6.51200	1.01702
10.380	7.873	20.200	6.46700	1.01794
10.380	7.842	20.200	6.42300	1.01920
10.380	7.810	20.200	6.37900	1.02031
10.380	7.779	20.200	6.33400	1.02145
10.380	7.747	20.200	6.29000	1.02260
10.380	7.716	20.200	6.24500	1.02360
10.380	7.684	20.200	6.20100	1.02479
10.380	7.652	20.200	6.15600	1.02583
10.380	7.621	20.200	6.11100	1.02706
10.380	7.589	20.200	6.06700	1.02831
10.380	7.558	20.200	6.02200	1.02923
10.380	7.526	20.200	5.97700	1.03034
10.380	7.495	20.200	5.93200	1.03147
10.380	7.463	20.200	5.88800	1.03262
10.380	7.432	20.200	5.84300	1.03379
10.380	7.400	20.200	5.79800	1.03480
10.380	7.369	20.200	5.75300	1.03602
10.380	7.337	20.200	5.70800	1.03706
10.380	7.306	20.200	5.66300	1.03813
10.380	7.274	20.200	5.61900	1.03940
10.380	7.242	20.200	5.57400	1.04051
10.380	7.211	20.200	5.52900	1.04164
10.380	7.179	20.200	5.48400	1.04259
10.380	7.148	20.200	5.43900	1.04375
10.380	7.116	20.200	5.39400	1.04474
10.380	7.085	20.200	5.34900	1.04595
10.380	7.053	20.200	5.30400	1.04698
10.380	7.022	20.200	5.26000	1.04823
10.380	6.990	20.200	5.21500	1.04930
10.380	6.959	20.200	5.17000	1.05039
10.380	6.927	20.200	5.12500	1.05150
10.380	6.896	20.200	5.08000	1.05241
10.380	6.864	20.200	5.03600	1.05378
10.380	6.832	20.200	4.99100	1.05473
10.380	6.801	20.200	4.94600	1.05571
10.380	6.769	20.200	4.90200	1.05715
10.380	6.738	20.200	4.85700	1.05817
10.380	6.706	20.200	4.81300	1.05920
10.380	6.675	20.200	4.76800	1.06026
10.380	6.643	20.200	4.72400	1.06157
10.380	6.612	20.200	4.67900	1.06244
10.380	6.580	20.200	4.63500	1.06356
10.380	6.549	20.200	4.59100	1.06495
10.380	6.517	20.200	4.54600	1.06589
10.380	6.486	20.200	4.50200	1.06682
10.380	6.454	20.200	4.45800	1.06804
10.380	6.423	20.200	4.41400	1.06928
10.380	6.391	20.200	4.37000	1.07029
10.380	6.359	20.200	4.32600	1.07132
10.380	6.328	20.200	4.28200	1.07238
10.380	6.296	20.200	4.23900	1.07371
10.380	6.265	20.200	4.19500	1.07481
10.380	6.233	20.200	4.15100	1.07567
10.380	6.202	20.200	4.10800	1.07708
10.380	6.170	20.200	4.06500	1.07825
10.380	6.139	20.200	4.02100	1.07917
10.380	6.107	20.200	3.97800	1.08039
10.380	6.076	20.200	3.93500	1.08164
10.380	6.044	20.200	3.89200	1.08261
10.380	6.013	20.200	3.84900	1.08392
10.380	5.981	20.200	3.80600	1.08495
10.380	5.949	20.200	3.76400	1.08629
10.380	5.918	20.200	3.72100	1.08706
10.380	5.886	20.200	3.67900	1.08846
10.380	5.855	20.200	3.63600	1.08928
10.380	5.823	20.200	3.59400	1.09041
10.380	5.792	20.200	3.55200	1.09158
10.380	5.760	20.200	3.51000	1.09278
10.380	5.729	20.200	3.46800	1.09401
10.380	5.697	20.200	3.42700	1.09524
10.380	5.666	20.200	3.38500	1.09618
10.380	5.634	20.200	3.34400	1.09747
10.380	5.603	20.200	3.30300	1.09880
10.380	5.571	20.200	3.26200	1.09980
10.380	5.539	20.200	3.22100	1.10082
10.380	5.508	20.200	3.18000	1.10187
10.380	5.476	20.200	3.13900	1.10295
10.380	5.445	20.200	3.09900	1.10442
10.380	5.413	20.200	3.05900	1.10553
10.380	5.382	20.200	3.01900	1.10667
10.380	5.350	20.200	2.97900	1.10785
10.380	5.319	20.200	2.93900	1.10906
10.380	5.287	20.200	2.89900	1.10988
10.380	5.256	20.200	2.86000	1.11111
10.380	5.224	20.200	2.82100	1.11238
10.380	5.193	20.200	2.78200	1.11369
10.380	5.161	20.200	2.74300	1.11459
10.380	5.129	20.200	2.70500	1.11592
10.380	5.098	20.200	2.66600	1.11688
10.380	5.066	20.200	2.62800	1.11830
10.380	5.035	20.200	2.59000	1.11927
10.380	5.003	20.200	2.55200	1.12028
10.380	4.972	20.200	2.51500	1.12177
10.380	4.940	20.200	2.47800	1.12279
10.380	4.909	20.200	2.44100	1.12437
10.380	4.877	20.200	2.40400	1.12547
10.380	4.846	20.200	2.36700	1.12607
10.380	4.814	20.200	2.33100	1.12772
10.380	4.783	20.200	2.29500	1.12887
10.380	4.751	20.200	2.25900	1.13007
10.380	4.720	20.200	2.22300	1.13072
10.380	4.688	20.200	2.18700	1.13199
10.380	4.656	20.200	2.15200	1.13323
10.380	4.625	20.200	2.11700	1.13451
10.380	4.593	20.200	2.08300	1.13577
