6.407	1.000	10.000	2094.00000	0.29702
6.407	1.100	10.000	2131.00000	0.36033
6.407	1.200	10.000	2157.00000	0.41916
6.407	1.300	10.000	2176.00000	0.47130
6.407	1.400	10.000	2191.00000	0.51553
6.407	1.500	10.000	2203.00000	0.55227
6.407	1.600	10.000	2215.00000	0.58259
6.407	1.700	10.000	2228.00000	0.60824
6.407	1.800	10.000	2242.00000	0.62995
6.407	1.900	10.000	2260.00000	0.64961
6.407	2.000	10.000	2280.00000	0.66686
6.407	2.100	10.000	2305.00000	0.68317
6.407	2.200	10.000	2334.00000	0.69859
6.407	2.300	10.000	2369.00000	0.71398
6.407	2.400	10.000	2408.00000	0.72837
6.407	2.500	10.000	2452.00000	0.74258
6.407	2.600	10.000	2500.00000	0.75574
6.407	2.700	10.000	2553.00000	0.76736
6.407	2.800	10.000	2609.00000	0.78161
6.407	2.900	10.000	2669.00000	0.79411
6.407	3.000	10.000	2732.00000	0.80614
6.407	3.100	10.000	2798.00000	0.81765
6.407	3.200	10.000	2866.00000	0.82880
6.407	3.300	10.000	2937.00000	0.83986
6.407	3.400	10.000	3011.00000	0.85081
6.407	3.500	10.000	3089.00000	0.86141
6.407	3.600	10.000	3171.00000	0.87187
6.407	3.700	10.000	3258.00000	0.88317
6.407	3.800	10.000	3352.00000	0.89411
6.407	3.900	10.000	3453.00000	0.90535
6.407	4.000	10.000	3563.00000	0.91735
6.407	4.100	10.000	3681.00000	0.92978
6.407	4.200	10.000	3805.00000	0.94277
6.407	4.300	10.000	3932.00000	0.95623
6.407	4.400	10.000	4056.00000	0.96987
6.407	4.500	10.000	4175.00000	0.98397
6.407	4.600	10.000	4284.00000	0.99883
6.407	4.700	10.000	4378.00000	1.01390
6.407	4.800	10.000	4447.00000	1.02987
6.407	4.900	10.000	4470.00000	1.04610
6.407	5.000	10.000	4424.00000	1.06117
6.407	1.000	11.000	1680.00000	0.35714
6.407	1.100	11.000	1687.00000	0.42028
6.407	1.200	11.000	1688.00000	0.47509
6.407	1.300	11.000	1687.00000	0.52084
6.407	1.400	11.000	1684.00000	0.55799
6.407	1.500	11.000	1683.00000	0.58867
6.407	1.600	11.000	1682.00000	0.61387
6.407	1.700	11.000	1684.00000	0.63619
6.407	1.800	11.000	1688.00000	0.65553
6.407	1.900	11.000	1694.00000	0.67329
6.407	2.000	11.000	1704.00000	0.69016
6.407	2.100	11.000	1718.00000	0.70671
6.407	2.200	11.000	1734.00000	0.72190
6.407	2.300	11.000	1754.00000	0.73697
6.407	2.400	11.000	1778.00000	0.75148
6.407	2.500	11.000	1804.00000	0.76570
6.407	2.600	11.000	1833.00000	0.77867
6.407	2.700	11.000	1865.00000	0.79193
6.407	2.800	11.000	1898.00000	0.80458
6.407	2.900	11.000	1933.00000	0.81699
6.407	3.000	11.000	1969.00000	0.82870
6.407	3.100	11.000	2006.00000	0.84039
6.407	3.200	11.000	2045.00000	0.85208
6.407	3.300	11.000	2084.00000	0.86294
6.407	3.400	11.000	2125.00000	0.87377
6.407	3.500	11.000	2167.00000	0.88485
6.407	3.600	11.000	2211.00000	0.89587
6.407	3.700	11.000	2258.00000	0.90719
6.407	3.800	11.000	2307.00000	0.91803
6.407	3.900	11.000	2361.00000	0.93026
6.407	4.000	11.000	2417.00000	0.94230
6.407	4.100	11.000	2476.00000	0.95562
6.407	4.200	11.000	2533.00000	0.96901
6.407	4.300	11.000	2586.00000	0.98252
6.407	4.400	11.000	2632.00000	0.99697
6.407	4.500	11.000	2666.00000	1.01138
6.407	4.600	11.000	2685.00000	1.02638
6.407	4.700	11.000	2683.00000	1.04194
6.407	4.800	11.000	2651.00000	1.05786
6.407	4.900	11.000	2576.00000	1.07333
6.407	5.000	11.000	2454.00000	1.08680
6.407	1.000	12.000	1345.00000	0.41019
6.407	1.100	12.000	1335.00000	0.46908
6.407	1.200	12.000	1324.00000	0.51759
6.407	1.300	12.000	1314.00000	0.55490
6.407	1.400	12.000	1304.00000	0.58845
6.407	1.500	12.000	1296.00000	0.61451
6.407	1.600	12.000	1290.00000	0.63704
6.407	1.700	12.000	1286.00000	0.65746
6.407	1.800	12.000	1285.00000	0.67632
6.407	1.900	12.000	1286.00000	0.69401
6.407	2.000	12.000	1290.00000	0.71114
6.407	2.100	12.000	1296.00000	0.72727
6.407	2.200	12.000	1305.00000	0.74274
6.407	2.300	12.000	1316.00000	0.75763
6.407	2.400	12.000	1330.00000	0.77236
6.407	2.500	12.000	1345.00000	0.78655
6.407	2.600	12.000	1361.00000	0.79965
6.407	2.700	12.000	1379.00000	0.81261
6.407	2.800	12.000	1397.00000	0.82516
6.407	2.900	12.000	1416.00000	0.83787
6.407	3.000	12.000	1436.00000	0.85021
6.407	3.100	12.000	1455.00000	0.86146
6.407	3.200	12.000	1474.00000	0.87271
6.407	3.300	12.000	1494.00000	0.88455
6.407	3.400	12.000	1514.00000	0.89533
6.407	3.500	12.000	1534.00000	0.90662
6.407	3.600	12.000	1555.00000	0.91795
6.407	3.700	12.000	1577.00000	0.92929
6.407	3.800	12.000	1600.00000	0.94118
6.407	3.900	12.000	1624.00000	0.95361
6.407	4.000	12.000	1647.00000	0.96655
6.407	4.100	12.000	1669.00000	0.98004
6.407	4.200	12.000	1686.00000	0.99352
6.407	4.300	12.000	1696.00000	1.00772
6.407	4.400	12.000	1697.00000	1.02291
6.407	4.500	12.000	1684.00000	1.03758
6.407	4.600	12.000	1657.00000	1.05340
6.407	4.700	12.000	1608.00000	1.06844
6.407	4.800	12.000	1534.00000	1.08333
6.407	4.900	12.000	1433.00000	1.09724
6.407	5.000	12.000	1310.00000	1.11111
6.407	1.000	13.000	1078.00000	0.45447
6.407	1.100	13.000	1061.00000	0.50766
6.407	1.200	13.000	1045.00000	0.54971
6.407	1.300	13.000	1031.00000	0.58347
6.407	1.400	13.000	1019.00000	0.61128
6.407	1.500	13.000	1008.00000	0.63476
6.407	1.600	13.000	999.70000	0.65597
6.407	1.700	13.000	993.50000	0.67585
6.407	1.800	13.000	989.40000	0.69480
6.407	1.900	13.000	987.50000	0.71248
6.407	2.000	13.000	987.70000	0.72947
6.407	2.100	13.000	989.80000	0.74646
6.407	2.200	13.000	993.70000	0.76146
6.407	2.300	13.000	999.10000	0.77630
6.407	2.400	13.000	1006.00000	0.79150
6.407	2.500	13.000	1014.00000	0.80540
6.407	2.600	13.000	1022.00000	0.81891
6.407	2.700	13.000	1031.00000	0.83279
6.407	2.800	13.000	1040.00000	0.84553
6.407	2.900	13.000	1048.00000	0.85761
6.407	3.000	13.000	1057.00000	0.86996
6.407	3.100	13.000	1065.00000	0.88162
6.407	3.200	13.000	1073.00000	0.89342
6.407	3.300	13.000	1080.00000	0.90452
6.407	3.400	13.000	1087.00000	0.91653
6.407	3.500	13.000	1094.00000	0.92791
6.407	3.600	13.000	1101.00000	0.93942
6.407	3.700	13.000	1107.00000	0.95103
6.407	3.800	13.000	1114.00000	0.96367
6.407	3.900	13.000	1119.00000	0.97644
6.407	4.000	13.000	1122.00000	0.98942
6.407	4.100	13.000	1122.00000	1.00358
6.407	4.200	13.000	1115.00000	1.01734
6.407	4.300	13.000	1101.00000	1.03187
6.407	4.400	13.000	1078.00000	1.04762
6.407	4.500	13.000	1043.00000	1.06190
6.407	4.600	13.000	995.40000	1.07786
6.407	4.700	13.000	931.70000	1.09290
6.407	4.800	13.000	852.90000	1.10709
6.407	4.900	13.000	761.90000	1.12028
6.407	5.000	13.000	663.90000	1.13197
6.407	1.000	14.000	867.20000	0.49022
6.407	1.100	14.000	848.20000	0.53718
6.407	1.200	14.000	831.00000	0.57390
6.407	1.300	14.000	815.90000	0.60348
6.407	1.400	14.000	802.80000	0.62915
6.407	1.500	14.000	791.70000	0.65160
6.407	1.600	14.000	782.60000	0.67291
6.407	1.700	14.000	775.50000	0.69241
6.407	1.800	14.000	770.20000	0.71183
6.407	1.900	14.000	766.70000	0.72950
6.407	2.000	14.000	764.80000	0.74687
6.407	2.100	14.000	764.30000	0.76354
6.407	2.200	14.000	765.00000	0.77902
6.407	2.300	14.000	766.70000	0.79434
6.407	2.400	14.000	769.10000	0.80924
6.407	2.500	14.000	771.90000	0.82354
6.407	2.600	14.000	774.80000	0.83744
6.407	2.700	14.000	777.70000	0.85097
6.407	2.800	14.000	780.30000	0.86402
6.407	2.900	14.000	782.40000	0.87664
6.407	3.000	14.000	784.00000	0.88889
6.407	3.100	14.000	785.00000	0.90095
6.407	3.200	14.000	785.30000	0.91261
6.407	3.300	14.000	785.00000	0.92418
6.407	3.400	14.000	784.20000	0.93580
6.407	3.500	14.000	782.90000	0.94748
6.407	3.600	14.000	781.10000	0.95946
6.407	3.700	14.000	778.50000	0.97179
6.407	3.800	14.000	774.60000	0.98449
6.407	3.900	14.000	769.00000	0.99792
6.407	4.000	14.000	760.10000	1.01171
6.407	4.100	14.000	746.80000	1.02597
6.407	4.200	14.000	727.90000	1.04060
6.407	4.300	14.000	702.30000	1.05546
6.407	4.400	14.000	669.00000	1.07057
6.407	4.500	14.000	626.90000	1.08592
6.407	4.600	14.000	575.60000	1.10099
6.407	4.700	14.000	515.90000	1.11522
6.407	4.800	14.000	450.20000	1.12832
6.407	4.900	14.000	382.20000	1.13953
6.407	5.000	14.000	317.80000	1.14937
6.407	1.000	15.000	701.90000	0.51877
6.407	1.100	15.000	682.80000	0.55739
6.407	1.200	15.000	665.90000	0.59244
6.407	1.300	15.000	651.10000	0.62010
6.407	1.400	15.000	638.50000	0.64430
6.407	1.500	15.000	627.70000	0.66677
6.407	1.600	15.000	618.80000	0.68809
6.407	1.700	15.000	611.50000	0.70833
6.407	1.800	15.000	605.80000	0.72743
6.407	1.900	15.000	601.50000	0.74563
6.407	2.000	15.000	598.40000	0.76307
6.407	2.100	15.000	596.30000	0.78019
6.407	2.200	15.000	594.90000	0.79596
6.407	2.300	15.000	594.10000	0.81161
6.407	2.400	15.000	593.60000	0.82686
6.407	2.500	15.000	593.10000	0.84140
6.407	2.600	15.000	592.40000	0.85545
6.407	2.700	15.000	591.40000	0.86919
6.407	2.800	15.000	589.90000	0.88229
6.407	2.900	15.000	587.80000	0.89495
6.407	3.000	15.000	585.00000	0.90740
6.407	3.100	15.000	581.50000	0.91937
6.407	3.200	15.000	577.30000	0.93128
6.407	3.300	15.000	572.40000	0.94284
6.407	3.400	15.000	567.00000	0.95471
6.407	3.500	15.000	560.80000	0.96673
6.407	3.600	15.000	553.90000	0.97914
6.407	3.700	15.000	545.80000	0.99182
6.407	3.800	15.000	536.10000	1.00506
6.407	3.900	15.000	524.00000	1.01906
6.407	4.000	15.000	508.60000	1.03332
6.407	4.100	15.000	489.20000	1.04799
6.407	4.200	15.000	465.10000	1.06260
6.407	4.300	15.000	435.90000	1.07789
6.407	4.400	15.000	401.10000	1.09292
6.407	4.500	15.000	361.10000	1.10801
6.407	4.600	15.000	316.80000	1.12221
6.407	4.700	15.000	270.00000	1.13493
6.407	4.800	15.000	223.50000	1.14557
6.407	4.900	15.000	181.60000	1.15595
6.407	5.000	15.000	147.50000	1.16971
6.407	1.000	16.000	571.80000	0.54096
6.407	1.100	16.000	553.60000	0.57775
6.407	1.200	16.000	537.80000	0.60782
6.407	1.300	16.000	524.10000	0.63412
6.407	1.400	16.000	512.30000	0.65831
6.407	1.500	16.000	502.30000	0.68118
6.407	1.600	16.000	493.90000	0.70276
6.407	1.700	16.000	486.90000	0.72315
6.407	1.800	16.000	481.10000	0.74255
6.407	1.900	16.000	476.40000	0.76102
6.407	2.000	16.000	472.60000	0.78000
6.407	2.100	16.000	469.50000	0.79603
6.407	2.200	16.000	466.80000	0.81267
6.407	2.300	16.000	464.30000	0.82866
6.407	2.400	16.000	461.70000	0.84406
6.407	2.500	16.000	459.00000	0.85891
6.407	2.600	16.000	455.90000	0.87304
6.407	2.700	16.000	452.30000	0.88669
6.407	2.800	16.000	448.20000	0.89982
6.407	2.900	16.000	443.40000	0.91272
6.407	3.000	16.000	437.90000	0.92501
6.407	3.100	16.000	431.70000	0.93685
6.407	3.200	16.000	424.90000	0.94886
6.407	3.300	16.000	417.60000	0.96110
6.407	3.400	16.000	409.50000	0.97292
6.407	3.500	16.000	400.70000	0.98549
6.407	3.600	16.000	390.90000	0.99796
6.407	3.700	16.000	379.90000	1.01145
6.407	3.800	16.000	367.10000	1.02542
6.407	3.900	16.000	351.90000	1.03959
6.407	4.000	16.000	333.90000	1.05431
6.407	4.100	16.000	312.80000	1.06904
6.407	4.200	16.000	288.30000	1.08424
6.407	4.300	16.000	260.50000	1.09916
6.407	4.400	16.000	229.90000	1.11386
6.407	4.500	16.000	197.30000	1.12807
6.407	4.600	16.000	164.30000	1.14097
6.407	4.700	16.000	132.80000	1.15078
6.407	4.800	16.000	105.70000	1.16192
6.407	4.900	16.000	83.75000	1.17676
6.407	5.000	16.000	65.65000	1.20062
6.407	1.000	17.000	468.90000	0.55868
6.407	1.100	17.000	452.20000	0.59243
6.407	1.200	17.000	437.80000	0.62117
6.407	1.300	17.000	425.30000	0.64714
6.407	1.400	17.000	414.60000	0.67163
6.407	1.500	17.000	405.50000	0.69494
6.407	1.600	17.000	397.70000	0.71671
6.407	1.700	17.000	391.20000	0.73797
6.407	1.800	17.000	385.60000	0.75727
6.407	1.900	17.000	380.80000	0.77635
6.407	2.000	17.000	376.50000	0.79447
6.407	2.100	17.000	372.70000	0.81216
6.407	2.200	17.000	369.00000	0.82921
6.407	2.300	17.000	365.30000	0.84541
6.407	2.400	17.000	361.40000	0.86109
6.407	2.500	17.000	357.10000	0.87567
6.407	2.600	17.000	352.40000	0.88990
6.407	2.700	17.000	347.20000	0.90346
6.407	2.800	17.000	341.40000	0.91651
6.407	2.900	17.000	335.10000	0.92954
6.407	3.000	17.000	328.10000	0.94200
6.407	3.100	17.000	320.50000	0.95387
6.407	3.200	17.000	312.40000	0.96599
6.407	3.300	17.000	303.70000	0.97810
6.407	3.400	17.000	294.40000	0.99058
6.407	3.500	17.000	284.40000	1.00353
6.407	3.600	17.000	273.40000	1.01711
6.407	3.700	17.000	261.10000	1.03079
6.407	3.800	17.000	247.10000	1.04482
6.407	3.900	17.000	231.30000	1.05955
6.407	4.000	17.000	213.40000	1.07452
6.407	4.100	17.000	193.40000	1.08958
6.407	4.200	17.000	171.60000	1.10496
6.407	4.300	17.000	148.40000	1.11916
6.407	4.400	17.000	124.60000	1.13273
6.407	4.500	17.000	101.40000	1.14499
6.407	4.600	17.000	80.25000	1.15551
6.407	4.700	17.000	62.56000	1.16716
6.407	4.800	17.000	48.27000	1.18338
6.407	4.900	17.000	36.55000	1.20747
6.407	5.000	17.000	25.90000	1.24400
6.407	1.000	18.000	387.10000	0.57314
6.407	1.100	18.000	372.00000	0.60498
6.407	1.200	18.000	359.00000	0.63316
6.407	1.300	18.000	347.90000	0.65965
6.407	1.400	18.000	338.30000	0.68468
6.407	1.500	18.000	330.10000	0.70822
6.407	1.600	18.000	323.00000	0.73044
6.407	1.700	18.000	316.90000	0.75166
6.407	1.800	18.000	311.50000	0.77180
6.407	1.900	18.000	306.70000	0.79148
6.407	2.000	18.000	302.20000	0.81040
6.407	2.100	18.000	297.80000	0.82814
6.407	2.200	18.000	293.40000	0.84529
6.407	2.300	18.000	288.90000	0.86187
6.407	2.400	18.000	284.10000	0.87766
6.407	2.500	18.000	278.80000	0.89216
6.407	2.600	18.000	273.20000	0.90644
6.407	2.700	18.000	267.00000	0.92006
6.407	2.800	18.000	260.30000	0.93297
6.407	2.900	18.000	253.10000	0.94581
6.407	3.000	18.000	245.40000	0.95785
6.407	3.100	18.000	237.30000	0.97055
6.407	3.200	18.000	228.70000	0.98281
6.407	3.300	18.000	219.60000	0.99502
6.407	3.400	18.000	210.00000	1.00816
6.407	3.500	18.000	199.70000	1.02148
6.407	3.600	18.000	188.40000	1.03516
6.407	3.700	18.000	176.10000	1.04946
6.407	3.800	18.000	162.50000	1.06418
6.407	3.900	18.000	147.70000	1.07968
6.407	4.000	18.000	131.60000	1.09393
6.407	4.100	18.000	114.60000	1.10939
6.407	4.200	18.000	97.16000	1.12350
6.407	4.300	18.000	79.86000	1.13680
6.407	4.400	18.000	63.57000	1.14872
6.407	4.500	18.000	49.30000	1.15973
6.407	4.600	18.000	37.62000	1.17233
6.407	4.700	18.000	28.22000	1.18871
6.407	4.800	18.000	20.67000	1.21445
6.407	4.900	18.000	13.87000	1.24955
6.407	5.000	18.000	7.51300	1.28143
6.407	1.000	19.000	321.70000	0.58544
6.407	1.100	19.000	308.20000	0.61652
6.407	1.200	19.000	296.70000	0.64514
6.407	1.300	19.000	286.80000	0.67198
6.407	1.400	19.000	278.20000	0.69724
6.407	1.500	19.000	270.90000	0.72144
6.407	1.600	19.000	264.40000	0.74395
6.407	1.700	19.000	258.70000	0.76584
6.407	1.800	19.000	253.50000	0.78678
6.407	1.900	19.000	248.60000	0.80662
6.407	2.000	19.000	243.90000	0.82594
6.407	2.100	19.000	239.20000	0.84404
6.407	2.200	19.000	234.40000	0.86145
6.407	2.300	19.000	229.30000	0.87787
6.407	2.400	19.000	223.90000	0.89346
6.407	2.500	19.000	218.10000	0.90837
6.407	2.600	19.000	211.80000	0.92207
6.407	2.700	19.000	205.20000	0.93570
6.407	2.800	19.000	198.10000	0.94830
6.407	2.900	19.000	190.70000	0.96119
6.407	3.000	19.000	182.90000	0.97391
6.407	3.100	19.000	174.70000	0.98589
6.407	3.200	19.000	166.30000	0.99940
6.407	3.300	19.000	157.40000	1.01222
6.407	3.400	19.000	148.00000	1.02564
6.407	3.500	19.000	138.00000	1.03916
6.407	3.600	19.000	127.30000	1.05381
6.407	3.700	19.000	115.80000	1.06827
6.407	3.800	19.000	103.60000	1.08289
6.407	3.900	19.000	90.81000	1.09807
6.407	4.000	19.000	77.66000	1.11277
6.407	4.100	19.000	64.54000	1.12714
6.407	4.200	19.000	51.94000	1.14004
6.407	4.300	19.000	40.49000	1.15159
6.407	4.400	19.000	30.79000	1.16320
6.407	4.500	19.000	22.97000	1.17674
6.407	4.600	19.000	16.76000	1.19373
6.407	4.700	19.000	11.87000	1.22057
6.407	4.800	19.000	7.51100	1.25455
6.407	4.900	19.000	3.83500	1.28047
6.407	5.000	19.000	1.63000	1.29262
6.407	1.000	20.000	269.10000	0.59654
6.407	1.100	20.000	257.10000	0.62753
6.407	1.200	20.000	246.90000	0.65665
6.407	1.300	20.000	238.10000	0.68400
6.407	1.400	20.000	230.50000	0.70989
6.407	1.500	20.000	223.90000	0.73458
6.407	1.600	20.000	217.90000	0.75765
6.407	1.700	20.000	212.60000	0.78047
6.407	1.800	20.000	207.50000	0.80147
6.407	1.900	20.000	202.60000	0.82191
6.407	2.000	20.000	197.80000	0.84134
6.407	2.100	20.000	192.80000	0.85956
6.407	2.200	20.000	187.70000	0.87710
6.407	2.300	20.000	182.30000	0.89363
6.407	2.400	20.000	176.50000	0.90839
6.407	2.500	20.000	170.50000	0.92362
6.407	2.600	20.000	164.10000	0.93718
6.407	2.700	20.000	157.30000	0.95045
6.407	2.800	20.000	150.30000	0.96346
6.407	2.900	20.000	143.00000	0.97611
6.407	3.000	20.000	135.40000	0.98904
6.407	3.100	20.000	127.70000	1.00235
6.407	3.200	20.000	119.60000	1.01528
6.407	3.300	20.000	111.20000	1.02868
6.407	3.400	20.000	102.50000	1.04251
6.407	3.500	20.000	93.35000	1.05695
6.407	3.600	20.000	83.75000	1.07152
6.407	3.700	20.000	73.78000	1.08628
6.407	3.800	20.000	63.59000	1.10132
6.407	3.900	20.000	53.40000	1.11575
6.407	4.000	20.000	43.52000	1.12980
6.407	4.100	20.000	34.32000	1.14248
6.407	4.200	20.000	26.23000	1.15449
6.407	4.300	20.000	19.55000	1.16647
6.407	4.400	20.000	14.24000	1.17978
6.407	4.500	20.000	10.12000	1.19763
6.407	4.600	20.000	6.91300	1.22571
6.407	4.700	20.000	4.12200	1.25747
6.407	4.800	20.000	2.00300	1.27905
6.407	4.900	20.000	0.84000	1.28775
6.407	5.000	20.000	0.33340	1.28329
