      E_np       q_cm^2      F_L        F_T      F_L20      F_T20      F_LT1M1    F_LT2M1    F_TT2M2    F_'LT1M1   F_'LT2M1   F_'T10 
     [MeV]      [fm^-2]     [fm]       [fm]      [fm]       [fm]        [fm]        [fm]     [fm]        [fm]       [fm]      [fm]
    5.000E-03  7.500E+00  3.352E-04  1.655E-02 -4.197E-04  1.164E-02  5.455E-10  2.758E-04 -2.851E-02 -4.122E-04 -3.799E-10 -2.023E-02
    1.000E-02  7.500E+00  6.603E-04  2.189E-02 -7.270E-04  1.539E-02  1.376E-09  3.966E-04 -3.768E-02 -7.128E-04 -7.477E-10 -2.676E-02
    2.000E-02  7.500E+00  1.116E-03  2.741E-02 -1.138E-03  1.925E-02  3.081E-09  5.675E-04 -4.714E-02 -1.121E-03 -1.482E-09 -3.349E-02
    5.000E-02  7.500E+00  1.974E-03  3.228E-02 -1.904E-03  2.262E-02  8.173E-09  8.896E-04 -5.539E-02 -1.873E-03 -3.629E-09 -3.942E-02
    1.000E-01  7.500E+00  2.874E-03  3.211E-02 -2.708E-03  2.242E-02  1.652E-08  1.234E-03 -5.488E-02 -2.665E-03 -7.151E-09 -3.916E-02
    2.000E-01  7.500E+00  4.023E-03  2.865E-02 -3.734E-03  1.987E-02  3.227E-08  1.677E-03 -4.863E-02 -3.682E-03 -1.427E-08 -3.486E-02
    3.000E-01  7.500E+00  4.797E-03  2.577E-02 -4.423E-03  1.775E-02  4.708E-08  1.976E-03 -4.343E-02 -4.373E-03 -2.197E-08 -3.128E-02
    4.000E-01  7.500E+00  5.374E-03  2.359E-02 -4.933E-03  1.615E-02  6.133E-08  2.198E-03 -3.952E-02 -4.890E-03 -3.102E-08 -2.858E-02
    5.000E-01  7.500E+00  5.826E-03  2.192E-02 -5.329E-03  1.492E-02  7.502E-08  2.371E-03 -3.649E-02 -5.298E-03 -4.205E-08 -2.650E-02
    7.500E-01  7.500E+00  6.616E-03  1.904E-02 -6.009E-03  1.278E-02  1.092E-07  2.669E-03 -3.125E-02 -6.020E-03 -8.245E-08 -2.291E-02
    1.000E+00  7.500E+00  7.116E-03  1.720E-02 -6.425E-03  1.139E-02  1.459E-07  2.853E-03 -2.785E-02 -6.490E-03 -1.492E-07 -2.059E-02
    2.000E+00  7.500E+00  7.943E-03  1.361E-02 -7.021E-03  8.590E-03  3.794E-07  3.131E-03 -2.098E-02 -7.357E-03 -8.729E-07 -1.598E-02
    3.000E+00  7.500E+00  8.124E-03  1.216E-02 -7.031E-03  7.303E-03  8.687E-07  3.159E-03 -1.782E-02 -7.695E-03 -2.768E-06 -1.398E-02
    5.000E+00  7.500E+00  8.121E-03  1.120E-02 -6.720E-03  5.994E-03  3.067E-06  3.087E-03 -1.456E-02 -8.161E-03 -1.219E-05 -1.225E-02
    7.000E+00  7.500E+00  8.120E-03  1.128E-02 -6.385E-03  5.274E-03  7.324E-06  3.020E-03 -1.270E-02 -8.771E-03 -3.204E-05 -1.167E-02
    1.000E+01  7.500E+00  8.336E-03  1.233E-02 -5.990E-03  4.587E-03  1.778E-05  2.987E-03 -1.080E-02 -1.014E-02 -8.675E-05 -1.173E-02
    1.500E+01  7.500E+00  9.334E-03  1.552E-02 -5.539E-03  3.861E-03  4.288E-05  3.061E-03 -8.462E-03 -1.367E-02 -2.537E-04 -1.316E-02
    2.000E+01  7.500E+00  1.115E-02  2.017E-02 -5.182E-03  3.384E-03  6.701E-05  3.196E-03 -6.480E-03 -1.888E-02 -5.129E-04 -1.584E-02
    2.500E+01  7.500E+00  1.386E-02  2.630E-02 -4.796E-03  3.122E-03  7.345E-05  3.318E-03 -4.648E-03 -2.596E-02 -8.438E-04 -1.983E-02
    3.000E+01  7.500E+00  1.764E-02  3.422E-02 -4.303E-03  3.106E-03  4.456E-05  3.397E-03 -2.898E-03 -3.534E-02 -1.215E-03 -2.541E-02
    3.500E+01  7.500E+00  2.272E-02  4.443E-02 -3.654E-03  3.393E-03 -3.628E-05  3.420E-03 -1.216E-03 -4.763E-02 -1.593E-03 -3.305E-02
    4.000E+01  7.500E+00  2.942E-02  5.761E-02 -2.816E-03  4.046E-03 -1.828E-04  3.387E-03  3.942E-04 -6.363E-02 -1.941E-03 -4.336E-02
    4.500E+01  7.500E+00  3.812E-02  7.459E-02 -1.767E-03  5.121E-03 -4.039E-04  3.302E-03  1.918E-03 -8.437E-02 -2.229E-03 -5.706E-02
    5.000E+01  7.500E+00  4.920E-02  9.618E-02 -5.031E-04  6.650E-03 -7.000E-04  3.169E-03  3.333E-03 -1.108E-01 -2.429E-03 -7.485E-02
    5.500E+01  7.500E+00  6.279E-02  1.227E-01  9.523E-04  8.602E-03 -1.060E-03  2.977E-03  4.606E-03 -1.434E-01 -2.520E-03 -9.699E-02
    6.000E+01  7.500E+00  7.832E-02  1.532E-01  2.524E-03  1.083E-02 -1.452E-03  2.703E-03  5.692E-03 -1.810E-01 -2.491E-03 -1.226E-01
    6.500E+01  7.500E+00  9.389E-02  1.840E-01  4.055E-03  1.300E-02 -1.828E-03  2.315E-03  6.537E-03 -2.189E-01 -2.342E-03 -1.485E-01
    7.000E+01  7.500E+00  1.061E-01  2.084E-01  5.306E-03  1.462E-02 -2.121E-03  1.792E-03  7.090E-03 -2.491E-01 -2.088E-03 -1.690E-01
    7.500E+01  7.500E+00  1.111E-01  2.191E-01  6.040E-03  1.522E-02 -2.275E-03  1.157E-03  7.324E-03 -2.624E-01 -1.763E-03 -1.779E-01
    8.000E+01  7.500E+00  1.074E-01  2.128E-01  6.165E-03  1.462E-02 -2.274E-03  4.660E-04  7.226E-03 -2.547E-01 -1.411E-03 -1.723E-01
    8.500E+01  7.500E+00  9.672E-02  1.929E-01  5.792E-03  1.311E-02 -2.144E-03 -1.644E-04  6.919E-03 -2.301E-01 -1.075E-03 -1.550E-01
    9.000E+01  7.500E+00  8.267E-02  1.661E-01  5.145E-03  1.117E-02 -1.937E-03 -6.749E-04  6.464E-03 -1.971E-01 -7.839E-04 -1.320E-01
    1.000E+02  7.500E+00  5.571E-02  1.140E-01  3.738E-03  7.411E-03 -1.472E-03 -1.296E-03  5.407E-03 -1.329E-01 -3.677E-04 -8.737E-02
    1.050E+02  7.500E+00  4.513E-02  9.342E-02  3.144E-03  5.912E-03 -1.262E-03 -1.436E-03  4.897E-03 -1.074E-01 -2.332E-04 -6.969E-02
    1.100E+02  7.500E+00  3.662E-02  7.674E-02  2.647E-03  4.695E-03 -1.078E-03 -1.496E-03  4.429E-03 -8.685E-02 -1.359E-04 -5.541E-02
    1.150E+02  7.500E+00  2.988E-02  6.348E-02  2.240E-03  3.724E-03 -9.215E-04 -1.499E-03  4.007E-03 -7.047E-02 -6.714E-05 -4.406E-02
    1.200E+02  7.500E+00  2.456E-02  5.301E-02  1.908E-03  2.959E-03 -7.892E-04 -1.464E-03  3.625E-03 -5.750E-02 -1.985E-05 -3.510E-02
    1.250E+02  7.500E+00  2.036E-02  4.472E-02  1.637E-03  2.353E-03 -6.778E-04 -1.405E-03  3.292E-03 -4.722E-02  1.159E-05 -2.801E-02
    1.300E+02  7.500E+00  1.703E-02  3.814E-02  1.415E-03  1.877E-03 -5.843E-04 -1.330E-03  2.997E-03 -3.904E-02  3.139E-05 -2.239E-02
    1.350E+02  7.500E+00  1.437E-02  3.289E-02  1.232E-03  1.502E-03 -5.057E-04 -1.246E-03  2.735E-03 -3.249E-02  4.273E-05 -1.790E-02
    1.400E+02  7.500E+00  1.223E-02  2.867E-02  1.080E-03  1.208E-03 -4.394E-04 -1.158E-03  2.503E-03 -2.720E-02  4.798E-05 -1.430E-02
    1.450E+02  7.500E+00  1.048E-02  2.526E-02  9.527E-04  9.761E-04 -3.834E-04 -1.069E-03  2.297E-03 -2.291E-02  4.890E-05 -1.138E-02
    1.500E+02  7.500E+00  9.059E-03  2.250E-02  8.455E-04  7.944E-04 -3.358E-04 -9.804E-04  2.113E-03 -1.940E-02  4.682E-05 -9.008E-03
    1.550E+02  7.500E+00  7.882E-03  2.024E-02  7.544E-04  6.525E-04 -2.953E-04 -8.937E-04  1.949E-03 -1.650E-02  4.273E-05 -7.058E-03
    1.600E+02  7.500E+00  6.903E-03  1.838E-02  6.766E-04  5.423E-04 -2.606E-04 -8.097E-04  1.802E-03 -1.410E-02  3.735E-05 -5.446E-03
    1.700E+02  7.500E+00  5.392E-03  1.560E-02  5.516E-04  3.932E-04 -2.052E-04 -6.520E-04  1.549E-03 -1.042E-02  2.472E-05 -2.973E-03
    1.800E+02  7.500E+00  4.304E-03  1.369E-02  4.570E-04  3.112E-04 -1.637E-04 -5.083E-04  1.338E-03 -7.790E-03  1.152E-05 -1.201E-03
    1.900E+02  7.500E+00  3.501E-03  1.240E-02  3.837E-04  2.733E-04 -1.324E-04 -3.782E-04  1.159E-03 -5.880E-03 -1.014E-06  1.127E-04
    2.000E+02  7.500E+00  2.896E-03  1.154E-02  3.259E-04  2.641E-04 -1.085E-04 -2.604E-04  1.001E-03 -4.465E-03 -1.228E-05  1.121E-03
