      E_np       q_cm^2      F_L        F_T      F_L20      F_T20      F_LT1M1    F_LT2M1    F_TT2M2    F_'LT1M1   F_'LT2M1   F_'T10 
     [MeV]      [fm^-2]     [fm]       [fm]      [fm]       [fm]        [fm]        [fm]     [fm]        [fm]       [fm]      [fm]
    5.000E-03  5.000E-01  4.091E-02  3.119E-01 -1.123E-03  2.203E-01  1.021E-09  2.079E-04 -5.397E-01 -8.560E-03  3.350E-10 -3.819E-01
    1.000E-02  5.000E-01  5.809E-02  4.123E-01 -1.596E-03  2.912E-01  2.035E-09  2.953E-04 -7.133E-01 -1.216E-02  6.559E-10 -5.048E-01
    2.000E-02  5.000E-01  8.211E-02  5.157E-01 -2.248E-03  3.642E-01  4.094E-09  4.186E-04 -8.920E-01 -1.727E-02  1.362E-09 -6.313E-01
    5.000E-02  5.000E-01  1.286E-01  6.054E-01 -3.467E-03  4.272E-01  9.904E-09  6.626E-04 -1.046E+00 -2.766E-02  3.445E-09 -7.410E-01
    1.000E-01  5.000E-01  1.784E-01  5.991E-01 -4.672E-03  4.221E-01  1.906E-08  9.347E-04 -1.034E+00 -3.969E-02  7.129E-09 -7.328E-01
    2.000E-01  5.000E-01  2.430E-01  5.294E-01 -5.976E-03  3.717E-01  3.461E-08  1.323E-03 -9.100E-01 -5.781E-02  1.390E-08 -6.468E-01
    3.000E-01  5.000E-01  2.874E-01  4.718E-01 -6.600E-03  3.297E-01  5.419E-08  1.635E-03 -8.068E-01 -7.305E-02  2.156E-08 -5.755E-01
    4.000E-01  5.000E-01  3.213E-01  4.286E-01 -6.848E-03  2.977E-01  6.495E-08  1.919E-03 -7.281E-01 -8.711E-02  3.205E-08 -5.216E-01
    5.000E-01  5.000E-01  3.487E-01  3.954E-01 -6.849E-03  2.728E-01  8.493E-08  2.192E-03 -6.664E-01 -1.006E-01  4.234E-08 -4.800E-01
    7.500E-01  5.000E-01  4.006E-01  3.385E-01 -6.160E-03  2.284E-01  1.135E-07  2.881E-03 -5.563E-01 -1.338E-01  7.631E-08 -4.077E-01
    1.000E+00  5.000E-01  4.397E-01  3.026E-01 -4.846E-03  1.985E-01  1.421E-07  3.610E-03 -4.812E-01 -1.674E-01  1.208E-07 -3.608E-01
    2.000E+00  5.000E-01  5.572E-01  2.371E-01  3.570E-03  1.321E-01  2.228E-07  6.717E-03 -3.100E-01 -3.069E-01  3.559E-07 -2.677E-01
    3.000E+00  5.000E-01  6.557E-01  2.137E-01  1.446E-02  9.641E-02  2.518E-07  8.938E-03 -2.136E-01 -4.382E-01  5.354E-07 -2.266E-01
    6.000E+00  5.000E-01  7.465E-01  1.721E-01  4.103E-02  4.226E-02  6.079E-09  4.237E-03 -6.912E-02 -5.967E-01  1.309E-07 -1.584E-01
    9.000E+00  5.000E-01  5.698E-01  1.206E-01  4.427E-02  1.975E-02 -7.270E-07 -6.302E-03 -2.129E-02 -4.730E-01 -6.999E-07 -1.019E-01
    1.200E+01  5.000E-01  3.804E-01  7.994E-02  3.708E-02  9.927E-03 -1.090E-06 -1.236E-02 -7.028E-03 -3.202E-01 -9.465E-07 -6.267E-02
    1.500E+01  5.000E-01  2.521E-01  5.424E-02  2.907E-02  5.353E-03 -9.852E-07 -1.435E-02 -2.949E-03 -2.128E-01 -7.502E-07 -3.904E-02
    1.800E+01  5.000E-01  1.720E-01  3.856E-02  2.256E-02  3.024E-03 -6.836E-07 -1.431E-02 -1.872E-03 -1.445E-01 -4.475E-07 -2.503E-02
    2.100E+01  5.000E-01  1.216E-01  2.877E-02  1.764E-02  1.744E-03 -3.767E-07 -1.340E-02 -1.670E-03 -1.012E-01 -2.086E-07 -1.650E-02
    2.400E+01  5.000E-01  8.887E-02  2.242E-02  1.395E-02  9.935E-04 -1.443E-07 -1.220E-02 -1.705E-03 -7.297E-02 -7.163E-08 -1.111E-02
    2.700E+01  5.000E-01  6.688E-02  1.816E-02  1.118E-02  5.313E-04 -5.849E-10 -1.098E-02 -1.777E-03 -5.397E-02 -1.707E-08 -7.577E-03
    3.000E+01  5.000E-01  5.161E-02  1.519E-02  9.077E-03  2.350E-04  6.913E-08 -9.838E-03 -1.833E-03 -4.080E-02 -1.369E-08 -5.190E-03
    3.300E+01  5.000E-01  4.069E-02  1.305E-02  7.454E-03  3.963E-05  8.647E-08 -8.805E-03 -1.861E-03 -3.143E-02 -3.343E-08 -3.531E-03
    3.600E+01  5.000E-01  3.268E-02  1.148E-02  6.187E-03 -9.179E-05  7.363E-08 -7.890E-03 -1.862E-03 -2.460E-02 -5.722E-08 -2.352E-03
    3.900E+01  5.000E-01  2.667E-02  1.028E-02  5.184E-03 -1.811E-04  4.841E-08 -7.085E-03 -1.844E-03 -1.951E-02 -7.577E-08 -1.496E-03
    4.200E+01  5.000E-01  2.208E-02  9.364E-03  4.381E-03 -2.420E-04  2.198E-08 -6.378E-03 -1.812E-03 -1.565E-02 -8.442E-08 -8.646E-04
    4.500E+01  5.000E-01  1.851E-02  8.637E-03  3.731E-03 -2.830E-04  1.962E-09 -5.758E-03 -1.770E-03 -1.268E-02 -8.263E-08 -3.907E-04
    4.800E+01  5.000E-01  1.569E-02  8.054E-03  3.200E-03 -3.099E-04 -9.008E-09 -5.213E-03 -1.721E-03 -1.035E-02 -7.193E-08 -3.044E-05
    5.100E+01  5.000E-01  1.343E-02  7.579E-03  2.761E-03 -3.266E-04 -1.007E-08 -4.732E-03 -1.669E-03 -8.505E-03 -5.504E-08  2.470E-04
    5.400E+01  5.000E-01  1.160E-02  7.185E-03  2.397E-03 -3.359E-04 -2.696E-09 -4.306E-03 -1.615E-03 -7.027E-03 -3.453E-08  4.630E-04
    5.700E+01  5.000E-01  1.009E-02  6.855E-03  2.091E-03 -3.396E-04  1.083E-08 -3.929E-03 -1.561E-03 -5.830E-03 -1.292E-08  6.328E-04
    6.000E+01  5.000E-01  8.851E-03  6.575E-03  1.833E-03 -3.393E-04  2.814E-08 -3.593E-03 -1.507E-03 -4.852E-03  8.091E-09  7.678E-04
    6.300E+01  5.000E-01  7.811E-03  6.335E-03  1.613E-03 -3.359E-04  4.677E-08 -3.293E-03 -1.453E-03 -4.045E-03  2.663E-08  8.758E-04
    6.600E+01  5.000E-01  6.932E-03  6.127E-03  1.426E-03 -3.303E-04  6.473E-08 -3.023E-03 -1.402E-03 -3.375E-03  4.217E-08  9.632E-04
    6.900E+01  5.000E-01  6.177E-03  5.944E-03  1.263E-03 -3.229E-04  8.024E-08 -2.780E-03 -1.352E-03 -2.814E-03  5.410E-08  1.034E-03
    7.200E+01  5.000E-01  5.434E-03  5.783E-03  1.109E-03 -3.133E-04  8.849E-08 -2.545E-03 -1.303E-03 -2.328E-03  6.308E-08  1.092E-03
    7.500E+01  5.000E-01  5.095E-03  5.641E-03  1.015E-03 -3.059E-04  1.055E-07 -2.381E-03 -1.257E-03 -1.959E-03  6.634E-08  1.141E-03
    7.800E+01  5.000E-01  4.588E-03  5.514E-03  9.065E-04 -2.955E-04  1.091E-07 -2.198E-03 -1.213E-03 -1.617E-03  6.779E-08  1.181E-03
    8.100E+01  5.000E-01  4.169E-03  5.400E-03  8.140E-04 -2.868E-04  1.099E-07 -2.037E-03 -1.169E-03 -1.322E-03  6.638E-08  1.214E-03
