      E_np       q_cm^2      F_L        F_T      F_L20      F_T20      F_LT1M1    F_LT2M1    F_TT2M2    F_'LT1M1   F_'LT2M1   F_'T10 
     [MeV]      [fm^-2]     [fm]       [fm]      [fm]       [fm]        [fm]        [fm]     [fm]        [fm]       [fm]      [fm]
    5.000E-03  7.500E-01  3.528E-02  2.961E-01 -2.068E-03  2.091E-01  9.105E-10  3.710E-04 -5.121E-01 -9.092E-03  3.579E-10 -3.625E-01
    1.000E-02  7.500E-01  5.043E-02  3.914E-01 -2.949E-03  2.764E-01  1.777E-09  5.286E-04 -6.769E-01 -1.293E-02  7.544E-10 -4.792E-01
    2.000E-02  7.500E-01  7.151E-02  4.898E-01 -4.172E-03  3.457E-01  3.807E-09  7.505E-04 -8.467E-01 -1.842E-02  1.426E-09 -5.995E-01
    5.000E-02  7.500E-01  1.122E-01  5.756E-01 -6.492E-03  4.060E-01  9.188E-09  1.178E-03 -9.943E-01 -2.912E-02  2.983E-09 -7.043E-01
    1.000E-01  7.500E-01  1.557E-01  5.706E-01 -8.891E-03  4.019E-01  1.939E-08  1.642E-03 -9.842E-01 -4.107E-02  1.613E-09 -6.979E-01
    2.000E-01  7.500E-01  2.119E-01  5.061E-01 -1.177E-02  3.553E-01  4.445E-08  2.261E-03 -8.698E-01 -5.788E-02 -3.036E-08 -6.183E-01
    3.000E-01  7.500E-01  2.501E-01  4.526E-01 -1.350E-02  3.165E-01  8.207E-08  2.709E-03 -7.746E-01 -7.084E-02 -1.272E-07 -5.522E-01
    4.000E-01  7.500E-01  2.790E-01  4.126E-01 -1.462E-02  2.871E-01  1.373E-07  3.072E-03 -7.023E-01 -8.198E-02 -3.181E-07 -5.025E-01
    5.000E-01  7.500E-01  3.019E-01  3.818E-01 -1.533E-02  2.642E-01  2.128E-07  3.388E-03 -6.460E-01 -9.211E-02 -6.291E-07 -4.641E-01
    7.500E-01  7.500E-01  3.436E-01  3.293E-01 -1.604E-02  2.241E-01  5.286E-07  4.069E-03 -5.466E-01 -1.153E-01 -2.098E-06 -3.978E-01
    1.000E+00  7.500E-01  3.727E-01  2.962E-01 -1.583E-02  1.973E-01  1.032E-06  4.690E-03 -4.799E-01 -1.373E-01 -4.816E-06 -3.552E-01
    2.000E+00  7.500E-01  4.479E-01  2.374E-01 -1.105E-02  1.398E-01  3.820E-06  7.197E-03 -3.323E-01 -2.302E-01 -3.274E-05 -2.730E-01
    3.000E+00  7.500E-01  5.135E-01  2.211E-01 -3.427E-03  1.097E-01  6.627E-07  9.639E-03 -2.499E-01 -3.344E-01 -9.244E-05 -2.411E-01
    6.000E+00  7.500E-01  7.013E-01  2.226E-01  2.502E-02  6.058E-02 -1.514E-04  1.083E-02 -1.069E-01 -6.176E-01 -3.982E-04 -2.108E-01
    9.000E+00  7.500E-01  7.105E-01  2.018E-01  4.315E-02  3.370E-02 -4.441E-04  1.856E-03 -3.744E-02 -6.724E-01 -6.419E-04 -1.763E-01
    1.200E+01  7.500E-01  5.623E-01  1.548E-01  4.437E-02  1.850E-02 -5.982E-04 -7.690E-03 -9.537E-03 -5.459E-01 -6.936E-04 -1.281E-01
    1.500E+01  7.500E-01  4.013E-01  1.107E-01  3.803E-02  1.038E-02 -5.917E-04 -1.303E-02 -4.170E-04 -3.947E-01 -6.323E-04 -8.714E-02
    1.800E+01  7.500E-01  2.809E-01  7.900E-02  3.070E-02  6.051E-03 -5.168E-04 -1.498E-02  1.863E-03 -2.781E-01 -5.376E-04 -5.868E-02
    2.100E+01  7.500E-01  1.995E-01  5.773E-02  2.443E-02  3.665E-03 -4.299E-04 -1.504E-02  1.948E-03 -1.977E-01 -4.445E-04 -4.003E-02
    2.400E+01  7.500E-01  1.450E-01  4.355E-02  1.949E-02  2.287E-03 -3.516E-04 -1.424E-02  1.423E-03 -1.433E-01 -3.639E-04 -2.781E-02
    2.700E+01  7.500E-01  1.082E-01  3.393E-02  1.568E-02  1.452E-03 -2.867E-04 -1.311E-02  8.203E-04 -1.061E-01 -2.972E-04 -1.965E-02
    3.000E+01  7.500E-01  8.261E-02  2.725E-02  1.276E-02  9.250E-04 -2.346E-04 -1.191E-02  2.939E-04 -8.018E-02 -2.431E-04 -1.407E-02
    3.300E+01  7.500E-01  6.444E-02  2.248E-02  1.049E-02  5.789E-04 -1.931E-04 -1.075E-02 -1.258E-04 -6.170E-02 -1.995E-04 -1.017E-02
    3.600E+01  7.500E-01  5.122E-02  1.901E-02  8.711E-03  3.447E-04 -1.600E-04 -9.694E-03 -4.460E-04 -4.823E-02 -1.646E-04 -7.366E-03
    3.900E+01  7.500E-01  4.139E-02  1.642E-02  7.305E-03  1.824E-04 -1.337E-04 -8.740E-03 -6.841E-04 -3.824E-02 -1.364E-04 -5.319E-03
    4.200E+01  7.500E-01  3.394E-02  1.445E-02  6.180E-03  6.765E-05 -1.125E-04 -7.892E-03 -8.578E-04 -3.068E-02 -1.135E-04 -3.797E-03
    4.500E+01  7.500E-01  2.819E-02  1.292E-02  5.270E-03 -1.454E-05 -9.533E-05 -7.141E-03 -9.820E-04 -2.488E-02 -9.496E-05 -2.647E-03
    4.800E+01  7.500E-01  2.369E-02  1.172E-02  4.527E-03 -7.392E-05 -8.131E-05 -6.476E-03 -1.069E-03 -2.035E-02 -7.974E-05 -1.765E-03
    5.100E+01  7.500E-01  2.012E-02  1.076E-02  3.914E-03 -1.169E-04 -6.977E-05 -5.889E-03 -1.127E-03 -1.678E-02 -6.722E-05 -1.081E-03
    5.400E+01  7.500E-01  1.725E-02  9.985E-03  3.405E-03 -1.480E-04 -6.020E-05 -5.368E-03 -1.163E-03 -1.393E-02 -5.686E-05 -5.443E-04
    5.700E+01  7.500E-01  1.491E-02  9.349E-03  2.979E-03 -1.702E-04 -5.221E-05 -4.906E-03 -1.184E-03 -1.163E-02 -4.826E-05 -1.189E-04
    6.000E+01  7.500E-01  1.299E-02  8.823E-03  2.619E-03 -1.857E-04 -4.550E-05 -4.495E-03 -1.193E-03 -9.761E-03 -4.109E-05  2.213E-04
    6.300E+01  7.500E-01  1.139E-02  8.382E-03  2.314E-03 -1.961E-04 -3.983E-05 -4.129E-03 -1.192E-03 -8.224E-03 -3.510E-05  4.958E-04
    6.600E+01  7.500E-01  1.006E-02  8.009E-03  2.053E-03 -2.027E-04 -3.500E-05 -3.801E-03 -1.185E-03 -6.952E-03 -3.007E-05  7.188E-04
    6.900E+01  7.500E-01  8.936E-03  7.691E-03  1.830E-03 -2.062E-04 -3.088E-05 -3.506E-03 -1.173E-03 -5.893E-03 -2.584E-05  9.013E-04
    7.200E+01  7.500E-01  7.980E-03  7.418E-03  1.636E-03 -2.074E-04 -2.735E-05 -3.242E-03 -1.158E-03 -5.005E-03 -2.227E-05  1.052E-03
    7.500E+01  7.500E-01  7.163E-03  7.182E-03  1.469E-03 -2.067E-04 -2.430E-05 -3.003E-03 -1.139E-03 -4.256E-03 -1.925E-05  1.176E-03
    7.800E+01  7.500E-01  6.459E-03  6.976E-03  1.323E-03 -2.070E-04 -2.166E-05 -2.789E-03 -1.118E-03 -3.614E-03 -1.669E-05  1.278E-03
    8.100E+01  7.500E-01  5.849E-03  6.795E-03  1.195E-03 -2.038E-04 -1.936E-05 -2.593E-03 -1.097E-03 -3.074E-03 -1.451E-05  1.365E-03
