      E_np       q_cm^2      F_L        F_T      F_L20      F_T20      F_LT1M1    F_LT2M1    F_TT2M2    F_'LT1M1   F_'LT2M1   F_'T10 
     [MeV]      [fm^-2]     [fm]       [fm]      [fm]       [fm]        [fm]        [fm]     [fm]        [fm]       [fm]      [fm]
    5.000E-03  7.500E-01  3.567E-02  3.012E-01 -2.027E-03  2.126E-01  1.395E-09  3.659E-04 -5.208E-01 -9.239E-03  3.516E-10 -3.687E-01
    1.000E-02  7.500E-01  5.081E-02  3.982E-01 -2.885E-03  2.811E-01  2.780E-09  5.192E-04 -6.885E-01 -1.312E-02  7.253E-10 -4.874E-01
    2.000E-02  7.500E-01  7.196E-02  4.982E-01 -4.075E-03  3.517E-01  5.562E-09  7.345E-04 -8.613E-01 -1.859E-02  1.412E-09 -6.098E-01
    5.000E-02  7.500E-01  1.129E-01  5.856E-01 -6.339E-03  4.131E-01  1.394E-08  1.157E-03 -1.012E+00 -2.948E-02  3.564E-09 -7.166E-01
    1.000E-01  7.500E-01  1.566E-01  5.807E-01 -8.674E-03  4.090E-01  2.628E-08  1.617E-03 -1.002E+00 -4.157E-02  6.820E-09 -7.102E-01
    2.000E-01  7.500E-01  2.131E-01  5.152E-01 -1.147E-02  3.617E-01  5.054E-08  2.241E-03 -8.855E-01 -5.855E-02  1.374E-08 -6.294E-01
    3.000E-01  7.500E-01  2.516E-01  4.609E-01 -1.314E-02  3.223E-01  7.153E-08  2.702E-03 -7.887E-01 -7.162E-02  2.118E-08 -5.623E-01
    4.000E-01  7.500E-01  2.806E-01  4.201E-01 -1.421E-02  2.924E-01  9.263E-08  3.086E-03 -7.152E-01 -8.285E-02  3.001E-08 -5.117E-01
    5.000E-01  7.500E-01  3.036E-01  3.888E-01 -1.488E-02  2.692E-01  1.106E-07  3.428E-03 -6.579E-01 -9.304E-02  3.894E-08 -4.727E-01
    7.500E-01  7.500E-01  3.455E-01  3.354E-01 -1.552E-02  2.284E-01  1.575E-07  4.198E-03 -5.569E-01 -1.163E-01  6.262E-08 -4.053E-01
    1.000E+00  7.500E-01  3.747E-01  3.017E-01 -1.526E-02  2.012E-01  1.908E-07  4.935E-03 -4.891E-01 -1.384E-01  9.450E-08 -3.619E-01
    2.000E+00  7.500E-01  4.498E-01  2.416E-01 -1.043E-02  1.429E-01  2.871E-07  8.065E-03 -3.387E-01 -2.313E-01  2.515E-07 -2.781E-01
    3.000E+00  7.500E-01  5.151E-01  2.246E-01 -2.798E-03  1.124E-01  3.375E-07  1.118E-02 -2.546E-01 -3.355E-01  4.108E-07 -2.455E-01
    6.000E+00  7.500E-01  7.021E-01  2.247E-01  2.611E-02  6.260E-02  9.138E-08  1.311E-02 -1.082E-01 -6.182E-01  2.480E-07 -2.136E-01
    9.000E+00  7.500E-01  7.109E-01  2.028E-01  4.476E-02  3.492E-02 -1.712E-06  3.058E-03 -3.744E-02 -6.723E-01 -9.792E-07 -1.777E-01
    1.200E+01  7.500E-01  5.627E-01  1.551E-01  4.598E-02  1.906E-02 -3.789E-06 -7.603E-03 -9.269E-03 -5.453E-01 -2.112E-06 -1.286E-01
    1.500E+01  7.500E-01  4.018E-01  1.107E-01  3.937E-02  1.053E-02 -4.399E-06 -1.353E-02 -2.092E-04 -3.940E-01 -2.424E-06 -8.713E-02
    1.800E+01  7.500E-01  2.815E-01  7.874E-02  3.172E-02  5.969E-03 -3.874E-06 -1.567E-02  1.964E-03 -2.774E-01 -2.169E-06 -5.842E-02
    2.100E+01  7.500E-01  2.001E-01  5.741E-02  2.518E-02  3.466E-03 -2.988E-06 -1.574E-02  1.963E-03 -1.971E-01 -1.751E-06 -3.967E-02
    2.400E+01  7.500E-01  1.457E-01  4.322E-02  2.004E-02  2.034E-03 -2.159E-06 -1.487E-02  1.383E-03 -1.428E-01 -1.374E-06 -2.742E-02
    2.700E+01  7.500E-01  1.088E-01  3.361E-02  1.608E-02  1.178E-03 -1.514E-06 -1.365E-02  7.465E-04 -1.058E-01 -1.094E-06 -1.927E-02
    3.000E+01  7.500E-01  8.323E-02  2.694E-02  1.304E-02  6.470E-04 -1.055E-06 -1.236E-02  2.008E-04 -7.990E-02 -8.965E-07 -1.372E-02
    3.300E+01  7.500E-01  6.502E-02  2.220E-02  1.069E-02  3.070E-04 -7.463E-07 -1.113E-02 -2.279E-04 -6.147E-02 -7.547E-07 -9.843E-03
    3.600E+01  7.500E-01  5.176E-02  1.875E-02  8.852E-03  8.396E-05 -5.437E-07 -1.000E-02 -5.508E-04 -4.805E-02 -6.453E-07 -7.077E-03
    3.900E+01  7.500E-01  4.190E-02  1.617E-02  7.401E-03 -6.486E-05 -4.123E-07 -8.991E-03 -7.875E-04 -3.808E-02 -5.529E-07 -5.063E-03
    4.200E+01  7.500E-01  3.441E-02  1.422E-02  6.241E-03 -1.650E-04 -3.255E-07 -8.094E-03 -9.572E-04 -3.055E-02 -4.687E-07 -3.572E-03
    4.500E+01  7.500E-01  2.863E-02  1.271E-02  5.305E-03 -2.324E-04 -2.637E-07 -7.300E-03 -1.076E-03 -2.476E-02 -3.904E-07 -2.450E-03
    4.800E+01  7.500E-01  2.410E-02  1.152E-02  4.541E-03 -2.771E-04 -2.161E-07 -6.600E-03 -1.156E-03 -2.024E-02 -3.175E-07 -1.594E-03
    5.100E+01  7.500E-01  2.049E-02  1.057E-02  3.913E-03 -3.059E-04 -1.750E-07 -5.981E-03 -1.207E-03 -1.668E-02 -2.506E-07 -9.327E-04
    5.400E+01  7.500E-01  1.759E-02  9.799E-03  3.391E-03 -3.233E-04 -1.370E-07 -5.433E-03 -1.236E-03 -1.383E-02 -1.904E-07 -4.165E-04
    5.700E+01  7.500E-01  1.523E-02  9.169E-03  2.955E-03 -3.325E-04 -1.003E-07 -4.947E-03 -1.249E-03 -1.154E-02 -1.378E-07 -9.521E-06
    6.000E+01  7.500E-01  1.328E-02  8.646E-03  2.587E-03 -3.357E-04 -6.529E-08 -4.515E-03 -1.251E-03 -9.665E-03 -9.320E-08  3.143E-04
    6.300E+01  7.500E-01  1.167E-02  8.208E-03  2.276E-03 -3.345E-04 -3.214E-08 -4.129E-03 -1.243E-03 -8.128E-03 -5.652E-08  5.740E-04
    6.600E+01  7.500E-01  1.030E-02  7.837E-03  2.009E-03 -3.299E-04 -1.959E-09 -3.784E-03 -1.229E-03 -6.855E-03 -2.727E-08  7.839E-04
    6.900E+01  7.500E-01  9.139E-03  7.520E-03  1.779E-03 -3.229E-04  2.433E-08 -3.472E-03 -1.210E-03 -5.793E-03 -4.889E-09  9.547E-04
    7.200E+01  7.500E-01  7.994E-03  7.246E-03  1.561E-03 -3.127E-04  4.020E-08 -3.173E-03 -1.187E-03 -4.878E-03  1.225E-08  1.094E-03
    7.500E+01  7.500E-01  7.492E-03  7.009E-03  1.428E-03 -3.057E-04  7.109E-08 -2.960E-03 -1.164E-03 -4.174E-03  2.194E-08  1.210E-03
    7.800E+01  7.500E-01  6.716E-03  6.802E-03  1.275E-03 -2.945E-04  8.276E-08 -2.728E-03 -1.138E-03 -3.531E-03  2.879E-08  1.306E-03
    8.100E+01  7.500E-01  6.079E-03  6.620E-03  1.145E-03 -2.857E-04  9.143E-08 -2.523E-03 -1.110E-03 -2.979E-03  3.230E-08  1.383E-03
