      E_np       q_cm^2      F_L        F_T      F_L20      F_T20      F_LT1M1    F_LT2M1    F_TT2M2    F_'LT1M1   F_'LT2M1   F_'T10 
     [MeV]      [fm^-2]     [fm]       [fm]      [fm]       [fm]        [fm]        [fm]     [fm]        [fm]       [fm]      [fm]
    5.000E-03  8.500E+00  2.217E-04  1.315E-02 -2.917E-04  9.251E-03  4.711E-10  2.133E-04 -2.266E-02 -2.900E-04 -3.015E-10 -1.608E-02
    1.000E-02  8.500E+00  4.375E-04  1.740E-02 -5.112E-04  1.223E-02  1.229E-09  3.034E-04 -2.995E-02 -5.054E-04 -5.493E-10 -2.127E-02
    2.000E-02  8.500E+00  7.426E-04  2.178E-02 -8.039E-04  1.530E-02  2.790E-09  4.292E-04 -3.748E-02 -7.922E-04 -1.036E-09 -2.662E-02
    5.000E-02  8.500E+00  1.322E-03  2.566E-02 -1.352E-03  1.798E-02  7.509E-09  6.759E-04 -4.404E-02 -1.337E-03 -2.440E-09 -3.133E-02
    1.000E-01  8.500E+00  1.928E-03  2.552E-02 -1.927E-03  1.782E-02  1.518E-08  9.369E-04 -4.365E-02 -1.905E-03 -4.671E-09 -3.113E-02
    2.000E-01  8.500E+00  2.700E-03  2.278E-02 -2.659E-03  1.580E-02  2.963E-08  1.272E-03 -3.868E-02 -2.634E-03 -8.816E-09 -2.772E-02
    3.000E-01  8.500E+00  3.221E-03  2.048E-02 -3.151E-03  1.411E-02  4.288E-08  1.498E-03 -3.455E-02 -3.128E-03 -1.253E-08 -2.487E-02
    4.000E-01  8.500E+00  3.609E-03  1.875E-02 -3.515E-03  1.284E-02  5.524E-08  1.666E-03 -3.144E-02 -3.498E-03 -1.593E-08 -2.272E-02
    5.000E-01  8.500E+00  3.912E-03  1.742E-02 -3.797E-03  1.186E-02  6.660E-08  1.796E-03 -2.904E-02 -3.788E-03 -1.897E-08 -2.106E-02
    7.500E-01  8.500E+00  4.441E-03  1.512E-02 -4.283E-03  1.016E-02  9.126E-08  2.019E-03 -2.487E-02 -4.301E-03 -2.545E-08 -1.820E-02
    1.000E+00  8.500E+00  4.776E-03  1.365E-02 -4.581E-03  9.054E-03  1.121E-07  2.155E-03 -2.217E-02 -4.631E-03 -3.067E-08 -1.635E-02
    2.000E+00  8.500E+00  5.321E-03  1.078E-02 -5.007E-03  6.809E-03  1.684E-07  2.346E-03 -1.670E-02 -5.223E-03 -4.190E-08 -1.266E-02
    3.000E+00  8.500E+00  5.431E-03  9.600E-03 -5.016E-03  5.764E-03  2.014E-07  2.345E-03 -1.419E-02 -5.429E-03 -4.374E-08 -1.103E-02
    5.000E+00  8.500E+00  5.403E-03  8.778E-03 -4.797E-03  4.671E-03  2.422E-07  2.233E-03 -1.159E-02 -5.674E-03 -3.361E-08 -9.577E-03
    7.000E+00  8.500E+00  5.374E-03  8.768E-03 -4.561E-03  4.034E-03  2.762E-07  2.114E-03 -1.011E-02 -6.001E-03 -1.484E-08 -9.016E-03
    1.000E+01  8.500E+00  5.467E-03  9.451E-03 -4.285E-03  3.369E-03  3.410E-07  1.966E-03 -8.640E-03 -6.778E-03  1.387E-08 -8.867E-03
    1.500E+01  8.500E+00  6.021E-03  1.163E-02 -3.980E-03  2.554E-03  5.105E-07  1.778E-03 -6.914E-03 -8.878E-03  1.275E-09 -9.551E-03
    2.000E+01  8.500E+00  7.063E-03  1.474E-02 -3.754E-03  1.902E-03  7.282E-07  1.601E-03 -5.553E-03 -1.201E-02 -2.468E-07 -1.104E-02
    2.500E+01  8.500E+00  8.620E-03  1.873E-02 -3.518E-03  1.407E-03  8.653E-07  1.392E-03 -4.370E-03 -1.624E-02 -1.042E-06 -1.330E-02
    3.000E+01  8.500E+00  1.076E-02  2.371E-02 -3.223E-03  1.105E-03  6.362E-07  1.143E-03 -3.295E-03 -2.175E-02 -2.869E-06 -1.650E-02
    3.500E+01  8.500E+00  1.357E-02  2.994E-02 -2.836E-03  1.051E-03 -4.891E-07  8.634E-04 -2.297E-03 -2.879E-02 -6.393E-06 -2.088E-02
    4.000E+01  8.500E+00  1.721E-02  3.776E-02 -2.340E-03  1.297E-03 -3.388E-06  5.714E-04 -1.369E-03 -3.773E-02 -1.242E-05 -2.676E-02
    4.500E+01  8.500E+00  2.186E-02  4.767E-02 -1.724E-03  1.892E-03 -9.360E-06  2.943E-04 -5.059E-04 -4.910E-02 -2.179E-05 -3.458E-02
    5.000E+01  8.500E+00  2.773E-02  6.024E-02 -9.819E-04  2.879E-03 -2.015E-05  6.249E-05  2.914E-04 -6.351E-02 -3.527E-05 -4.485E-02
    5.500E+01  8.500E+00  3.509E-02  7.612E-02 -1.156E-04  4.286E-03 -3.786E-05 -9.681E-05  1.022E-03 -8.171E-02 -5.336E-05 -5.810E-02
    6.000E+01  8.500E+00  4.411E-02  9.583E-02  8.657E-04  6.107E-03 -6.460E-05 -1.656E-04  1.686E-03 -1.043E-01 -7.607E-05 -7.477E-02
    6.500E+01  8.500E+00  5.470E-02  1.194E-01  1.934E-03  8.270E-03 -1.017E-04 -1.419E-04  2.286E-03 -1.312E-01 -1.026E-04 -9.481E-02
    7.000E+01  8.500E+00  6.585E-02  1.455E-01  3.037E-03  1.060E-02 -1.482E-04 -5.738E-05  2.829E-03 -1.609E-01 -1.310E-04 -1.171E-01
    7.500E+01  8.500E+00  7.966E-02  1.710E-01  3.937E-03  1.277E-02 -1.997E-04  1.573E-04  3.311E-03 -1.911E-01 -1.578E-04 -1.389E-01
    8.000E+01  8.500E+00  8.718E-02  1.905E-01  4.709E-03  1.435E-02 -2.475E-04  2.343E-04  3.698E-03 -2.132E-01 -1.790E-04 -1.555E-01
    8.500E+01  8.500E+00  9.029E-02  1.987E-01  5.070E-03  1.498E-02 -2.820E-04  2.677E-04  3.999E-03 -2.226E-01 -1.906E-04 -1.624E-01
    9.000E+01  8.500E+00  8.732E-02  1.933E-01  5.012E-03  1.452E-02 -2.966E-04  2.046E-04  4.158E-03 -2.164E-01 -1.910E-04 -1.577E-01
    1.000E+02  8.500E+00  6.878E-02  1.542E-01  4.057E-03  1.145E-02 -2.711E-04 -8.814E-05  4.038E-03 -1.716E-01 -1.660E-04 -1.239E-01
    1.050E+02  8.500E+00  5.780E-02  1.305E-01  3.447E-03  9.575E-03 -2.429E-04 -2.478E-04  3.814E-03 -1.444E-01 -1.472E-04 -1.035E-01
    1.100E+02  8.500E+00  4.775E-02  1.087E-01  2.879E-03  7.830E-03 -2.123E-04 -3.770E-04  3.537E-03 -1.193E-01 -1.280E-04 -8.466E-02
    1.150E+02  8.500E+00  3.918E-02  8.997E-02  2.386E-03  6.318E-03 -1.828E-04 -4.680E-04  3.235E-03 -9.775E-02 -1.100E-04 -6.851E-02
    1.200E+02  8.500E+00  3.214E-02  7.452E-02  1.975E-03  5.062E-03 -1.561E-04 -5.227E-04  2.918E-03 -7.997E-02 -9.396E-05 -5.520E-02
    1.250E+02  8.500E+00  2.648E-02  6.202E-02  1.640E-03  4.034E-03 -1.328E-04 -5.466E-04  2.629E-03 -6.557E-02 -7.999E-05 -4.443E-02
    1.300E+02  8.500E+00  2.194E-02  5.201E-02  1.368E-03  3.205E-03 -1.129E-04 -5.466E-04  2.359E-03 -5.401E-02 -6.806E-05 -3.580E-02
    1.350E+02  8.500E+00  1.832E-02  4.399E-02  1.148E-03  2.540E-03 -9.617E-05 -5.289E-04  2.112E-03 -4.473E-02 -5.799E-05 -2.889E-02
    1.400E+02  8.500E+00  1.541E-02  3.756E-02  9.696E-04  2.008E-03 -8.213E-05 -4.985E-04  1.889E-03 -3.726E-02 -4.953E-05 -2.336E-02
    1.450E+02  8.500E+00  1.307E-02  3.239E-02  8.240E-04  1.583E-03 -7.038E-05 -4.594E-04  1.689E-03 -3.122E-02 -4.243E-05 -1.891E-02
    1.500E+02  8.500E+00  1.117E-02  2.821E-02  7.045E-04  1.242E-03 -6.052E-05 -4.146E-04  1.512E-03 -2.632E-02 -3.647E-05 -1.530E-02
    1.550E+02  8.500E+00  9.618E-03  2.481E-02  6.058E-04  9.684E-04 -5.224E-05 -3.665E-04  1.354E-03 -2.230E-02 -3.145E-05 -1.237E-02
    1.600E+02  8.500E+00  8.339E-03  2.204E-02  5.237E-04  7.486E-04 -4.525E-05 -3.168E-04  1.216E-03 -1.899E-02 -2.721E-05 -9.972E-03
    1.700E+02  8.500E+00  6.393E-03  1.788E-02  3.970E-04  4.287E-04 -3.434E-05 -2.171E-04  9.839E-04 -1.397E-02 -2.057E-05 -6.349E-03
    1.800E+02  8.500E+00  5.018E-03  1.503E-02  3.060E-04  2.190E-04 -2.644E-05 -1.213E-04  8.015E-04 -1.043E-02 -1.579E-05 -3.820E-03
    1.900E+02  8.500E+00  4.022E-03  1.307E-02  2.390E-04  7.884E-05 -2.064E-05 -3.200E-05  6.566E-04 -7.885E-03 -1.231E-05 -2.005E-03
    2.000E+02  8.500E+00  3.283E-03  1.171E-02  1.887E-04 -1.874E-05 -1.633E-05  5.006E-05  5.402E-04 -6.017E-03 -9.753E-06 -6.640E-04
