     E [MeV]     E' [MeV]     th [deg]     E_np [MeV]   qcm^2[fm^-2] sig[MUB/(SR*MEV)] dsig_L   dsig_T 

   5.505570E+03 4.993869E+03 1.515000E+01 3.982552E-03 5.567222E+01 2.896188E-07 6.104827E-08 2.285705E-07
   5.505570E+03 4.993867E+03 1.515000E+01 6.183975E-03 5.567213E+01 3.243416E-07 4.812086E-08 2.762207E-07
   5.505570E+03 4.993865E+03 1.515000E+01 8.385395E-03 5.567203E+01 3.544397E-07 4.222083E-08 3.122189E-07
   5.505570E+03 4.993863E+03 1.515000E+01 1.058681E-02 5.567193E+01 3.798108E-07 3.898665E-08 3.408242E-07
   5.505570E+03 4.993861E+03 1.515000E+01 1.278823E-02 5.567183E+01 4.012557E-07 3.704086E-08 3.642149E-07
   5.505570E+03 4.993859E+03 1.515000E+01 1.498964E-02 5.567174E+01 4.195083E-07 3.581189E-08 3.836964E-07
   5.505570E+03 4.993856E+03 1.515000E+01 1.829176E-02 5.567159E+01 4.422150E-07 3.482137E-08 4.073936E-07
   5.505570E+03 4.993853E+03 1.515000E+01 2.159386E-02 5.567144E+01 4.603856E-07 3.428802E-08 4.260976E-07
   5.505570E+03 4.993849E+03 1.515000E+01 2.599667E-02 5.567125E+01 4.793780E-07 3.404165E-08 4.453364E-07
   5.505570E+03 4.993845E+03 1.515000E+01 3.039946E-02 5.567105E+01 4.938613E-07 3.409976E-08 4.597616E-07
   5.505570E+03 4.993840E+03 1.515000E+01 3.590293E-02 5.567081E+01 5.072966E-07 3.441147E-08 4.728851E-07
   5.505570E+03 4.993835E+03 1.515000E+01 4.140639E-02 5.567056E+01 5.169002E-07 3.487348E-08 4.820267E-07
   5.505570E+03 4.993830E+03 1.515000E+01 4.690984E-02 5.567032E+01 5.236752E-07 3.541953E-08 4.882556E-07
   5.505570E+03 4.993825E+03 1.515000E+01 5.241326E-02 5.567008E+01 5.283216E-07 3.601280E-08 4.923088E-07
   5.505570E+03 4.993820E+03 1.515000E+01 5.791667E-02 5.566983E+01 5.313428E-07 3.663164E-08 4.947111E-07
   5.505570E+03 4.993815E+03 1.515000E+01 6.342007E-02 5.566959E+01 5.331085E-07 3.726277E-08 4.958457E-07
   5.505570E+03 4.993810E+03 1.515000E+01 6.892345E-02 5.566934E+01 5.338959E-07 3.789782E-08 4.959981E-07
   5.505570E+03 4.993800E+03 1.515000E+01 7.993015E-02 5.566885E+01 5.333302E-07 3.915992E-08 4.941703E-07
   5.505570E+03 4.993790E+03 1.515000E+01 9.093680E-02 5.566837E+01 5.308230E-07 4.039355E-08 4.904294E-07
   5.505570E+03 4.993780E+03 1.515000E+01 1.019434E-01 5.566788E+01 5.270999E-07 4.158854E-08 4.855114E-07
   5.505570E+03 4.993750E+03 1.515000E+01 1.349627E-01 5.566641E+01 5.125108E-07 4.491825E-08 4.675925E-07
   5.505570E+03 4.993720E+03 1.515000E+01 1.679815E-01 5.566495E+01 4.965868E-07 4.788514E-08 4.487017E-07
   5.505570E+03 4.993670E+03 1.515000E+01 2.230115E-01 5.566251E+01 4.716594E-07 5.215957E-08 4.194999E-07
   5.505570E+03 4.993620E+03 1.515000E+01 2.780399E-01 5.566007E+01 4.500885E-07 5.577205E-08 3.943165E-07
   5.505570E+03 4.993520E+03 1.515000E+01 3.880918E-01 5.565519E+01 4.159399E-07 6.156091E-08 3.543790E-07
   5.505570E+03 4.993420E+03 1.515000E+01 4.981373E-01 5.565031E+01 3.904216E-07 6.599496E-08 3.244266E-07
   5.505570E+03 4.993320E+03 1.515000E+01 6.081763E-01 5.564543E+01 3.705880E-07 6.948213E-08 3.011059E-07
   5.505570E+03 4.993220E+03 1.515000E+01 7.182089E-01 5.564055E+01 3.546340E-07 7.227253E-08 2.823615E-07
   5.505570E+03 4.993120E+03 1.515000E+01 8.282351E-01 5.563568E+01 3.414391E-07 7.453174E-08 2.669074E-07
   5.505570E+03 4.992920E+03 1.515000E+01 1.048268E+00 5.562594E+01 3.206690E-07 7.788813E-08 2.427808E-07
   5.505570E+03 4.992720E+03 1.515000E+01 1.268275E+00 5.561620E+01 3.048334E-07 8.015743E-08 2.246760E-07
   5.505570E+03 4.992420E+03 1.515000E+01 1.598238E+00 5.560161E+01 2.867366E-07 8.225541E-08 2.044811E-07
   5.505570E+03 4.992120E+03 1.515000E+01 1.928142E+00 5.558704E+01 2.729207E-07 8.336156E-08 1.895591E-07
   5.505570E+03 4.991620E+03 1.515000E+01 2.477855E+00 5.556278E+01 2.556318E-07 8.395374E-08 1.716780E-07
   5.505570E+03 4.991120E+03 1.515000E+01 3.027406E+00 5.553856E+01 2.428011E-07 8.370500E-08 1.590961E-07
   5.505570E+03 4.990620E+03 1.515000E+01 3.576797E+00 5.551438E+01 2.328182E-07 8.304281E-08 1.497754E-07
   5.505570E+03 4.990120E+03 1.515000E+01 4.126028E+00 5.549024E+01 2.248172E-07 8.218164E-08 1.426356E-07
   5.505570E+03 4.985120E+03 1.515000E+01 9.609546E+00 5.525111E+01 1.922022E-07 7.382376E-08 1.183784E-07
   5.505570E+03 4.980120E+03 1.515000E+01 1.507718E+01 5.501599E+01 1.920140E-07 6.948360E-08 1.225304E-07
   5.505570E+03 4.965120E+03 1.515000E+01 3.138613E+01 5.433408E+01 2.466345E-07 6.804650E-08 1.785880E-07
   5.505570E+03 4.960120E+03 1.515000E+01 3.679157E+01 5.411437E+01 2.725394E-07 6.942031E-08 2.031191E-07
   5.505570E+03 4.955120E+03 1.515000E+01 4.218180E+01 5.389834E+01 3.003053E-07 7.134755E-08 2.289578E-07
   5.505570E+03 4.950120E+03 1.515000E+01 4.755693E+01 5.368595E+01 3.293751E-07 7.373269E-08 2.556424E-07
   5.505570E+03 4.945120E+03 1.515000E+01 5.291711E+01 5.347712E+01 3.594031E-07 7.651971E-08 2.828834E-07
   5.505570E+03 4.940120E+03 1.515000E+01 5.826244E+01 5.327180E+01 3.901886E-07 7.967784E-08 3.105107E-07
   5.505570E+03 4.935120E+03 1.515000E+01 6.359305E+01 5.306993E+01 4.216339E-07 8.319089E-08 3.384430E-07
   5.505570E+03 4.930120E+03 1.515000E+01 6.890907E+01 5.287145E+01 4.537167E-07 8.705095E-08 3.666657E-07
   5.505570E+03 4.925120E+03 1.515000E+01 7.421061E+01 5.267631E+01 4.864707E-07 9.125606E-08 3.952146E-07
   5.505570E+03 4.920120E+03 1.515000E+01 7.949779E+01 5.248446E+01 5.200940E-07 9.580964E-08 4.242844E-07
   5.505570E+03 4.915120E+03 1.515000E+01 8.477073E+01 5.229584E+01 5.544768E-07 1.007296E-07 4.537472E-07
   5.505570E+03 4.910120E+03 1.515000E+01 9.002954E+01 5.211040E+01 5.897499E-07 1.060120E-07 4.837380E-07
   5.505570E+03 4.905120E+03 1.515000E+01 9.527433E+01 5.192809E+01 6.262732E-07 1.116788E-07 5.145944E-07
   5.505570E+03 4.900120E+03 1.515000E+01 1.005052E+02 5.174886E+01 6.641712E-07 1.177560E-07 5.464152E-07
   5.505570E+03 4.895120E+03 1.515000E+01 1.057223E+02 5.157266E+01 7.036621E-07 1.242603E-07 5.794018E-07
   5.505570E+03 4.890120E+03 1.515000E+01 1.109257E+02 5.139944E+01 7.449877E-07 1.312151E-07 6.137726E-07
   5.505570E+03 4.885120E+03 1.515000E+01 1.161155E+02 5.122916E+01 7.883310E-07 1.386471E-07 6.496839E-07
   5.505570E+03 4.880120E+03 1.515000E+01 1.212919E+02 5.106177E+01 8.341207E-07 1.465879E-07 6.875327E-07
   5.505570E+03 4.875120E+03 1.515000E+01 1.264549E+02 5.089723E+01 8.825962E-07 1.550730E-07 7.275232E-07
   5.505570E+03 4.870120E+03 1.515000E+01 1.316046E+02 5.073549E+01 9.340916E-07 1.641416E-07 7.699500E-07
   5.505570E+03 4.865120E+03 1.515000E+01 1.367412E+02 5.057652E+01 9.889712E-07 1.738365E-07 8.151347E-07
   5.505570E+03 4.860120E+03 1.515000E+01 1.418647E+02 5.042026E+01 1.047630E-06 1.842037E-07 8.634261E-07
   5.505570E+03 4.855120E+03 1.515000E+01 1.469752E+02 5.026668E+01 1.110494E-06 1.952932E-07 9.152011E-07
   5.505570E+03 4.850120E+03 1.515000E+01 1.520728E+02 5.011573E+01 1.178026E-06 2.071605E-07 9.708651E-07
   5.505570E+03 4.845120E+03 1.515000E+01 1.571577E+02 4.996739E+01 1.250721E-06 2.198676E-07 1.030853E-06
   5.505570E+03 4.840120E+03 1.515000E+01 1.622300E+02 4.982160E+01 1.329119E-06 2.334851E-07 1.095634E-06
   5.505570E+03 4.835120E+03 1.515000E+01 1.672896E+02 4.967833E+01 1.413807E-06 2.480924E-07 1.165715E-06
   5.505570E+03 4.830120E+03 1.515000E+01 1.723367E+02 4.953755E+01 1.505428E-06 2.637783E-07 1.241650E-06
   5.505570E+03 4.825120E+03 1.515000E+01 1.773715E+02 4.939922E+01 1.604687E-06 2.806412E-07 1.324046E-06
   5.505570E+03 4.820120E+03 1.515000E+01 1.823940E+02 4.926329E+01 1.712361E-06 2.987893E-07 1.413571E-06
   5.505570E+03 4.815120E+03 1.515000E+01 1.874042E+02 4.912974E+01 1.829306E-06 3.183418E-07 1.510964E-06
   5.505570E+03 4.810120E+03 1.515000E+01 1.924023E+02 4.899854E+01 1.956468E-06 3.394301E-07 1.617038E-06
   5.505570E+03 4.805120E+03 1.515000E+01 1.973884E+02 4.886964E+01 2.094886E-06 3.622009E-07 1.732686E-06
   5.505570E+03 4.800120E+03 1.515000E+01 2.023625E+02 4.874302E+01 2.245711E-06 3.868189E-07 1.858892E-06
   5.505570E+03 4.795120E+03 1.515000E+01 2.073248E+02 4.861864E+01 2.410211E-06 4.134701E-07 1.996741E-06
   5.505570E+03 4.790120E+03 1.515000E+01 2.122752E+02 4.849647E+01 2.589790E-06 4.423644E-07 2.147426E-06
   5.505570E+03 4.785120E+03 1.515000E+01 2.172140E+02 4.837649E+01 2.786004E-06 4.737389E-07 2.312266E-06
   5.505570E+03 4.780120E+03 1.515000E+01 2.221412E+02 4.825865E+01 3.000579E-06 5.078595E-07 2.492720E-06
   5.505570E+03 4.775120E+03 1.515000E+01 2.270568E+02 4.814293E+01 3.235429E-06 5.450238E-07 2.690405E-06
   5.505570E+03 4.770120E+03 1.515000E+01 2.319610E+02 4.802930E+01 3.492681E-06 5.855642E-07 2.907117E-06
   5.505570E+03 4.765120E+03 1.515000E+01 2.368538E+02 4.791773E+01 3.774701E-06 6.298509E-07 3.144850E-06
   5.505570E+03 4.760120E+03 1.515000E+01 2.417353E+02 4.780819E+01 4.084125E-06 6.782973E-07 3.405828E-06
   5.505570E+03 4.755120E+03 1.515000E+01 2.466056E+02 4.770066E+01 4.423900E-06 7.313660E-07 3.692534E-06
   5.505570E+03 4.750120E+03 1.515000E+01 2.514647E+02 4.759510E+01 4.797329E-06 7.895763E-07 4.007752E-06
   5.505570E+03 4.745120E+03 1.515000E+01 2.563128E+02 4.749150E+01 5.208129E-06 8.535127E-07 4.354616E-06
   5.505570E+03 4.740120E+03 1.515000E+01 2.611499E+02 4.738981E+01 5.660493E-06 9.238341E-07 4.736659E-06
   5.505570E+03 4.735120E+03 1.515000E+01 2.659761E+02 4.729003E+01 6.159157E-06 1.001283E-06 5.157874E-06
   5.505570E+03 4.730120E+03 1.515000E+01 2.707915E+02 4.719211E+01 6.709463E-06 1.086696E-06 5.622766E-06
   5.505570E+03 4.725120E+03 1.515000E+01 2.755960E+02 4.709605E+01 7.317435E-06 1.181015E-06 6.136420E-06
   5.505570E+03 4.720120E+03 1.515000E+01 2.803899E+02 4.700180E+01 7.989844E-06 1.285293E-06 6.704551E-06
   5.505570E+03 4.715120E+03 1.515000E+01 2.851732E+02 4.690936E+01 8.734286E-06 1.400713E-06 7.333573E-06
   5.505570E+03 4.710120E+03 1.515000E+01 2.899459E+02 4.681869E+01 9.559259E-06 1.528591E-06 8.030669E-06
   5.505570E+03 4.705120E+03 1.515000E+01 2.947081E+02 4.672977E+01 1.047425E-05 1.670393E-06 8.803853E-06
   5.505570E+03 4.700120E+03 1.515000E+01 2.994599E+02 4.664257E+01 1.148980E-05 1.827749E-06 9.662053E-06
   5.505570E+03 4.695120E+03 1.515000E+01 3.042014E+02 4.655709E+01 1.261763E-05 2.002460E-06 1.061517E-05
   5.505570E+03 4.690120E+03 1.515000E+01 3.089325E+02 4.647328E+01 1.387064E-05 2.196514E-06 1.167412E-05
   5.505570E+03 4.685120E+03 1.515000E+01 3.136535E+02 4.639114E+01 1.526298E-05 2.412085E-06 1.285090E-05
   5.505570E+03 4.680120E+03 1.515000E+01 3.183643E+02 4.631064E+01 1.681002E-05 2.651536E-06 1.415849E-05
   5.505570E+03 4.675120E+03 1.515000E+01 3.230650E+02 4.623176E+01 1.852826E-05 2.917499E-06 1.561076E-05
   5.505570E+03 4.670120E+03 1.515000E+01 3.277557E+02 4.615448E+01 2.043491E-05 3.212444E-06 1.722247E-05
   5.505570E+03 4.665120E+03 1.515000E+01 3.324365E+02 4.607878E+01 2.254769E-05 3.539185E-06 1.900851E-05
   5.505570E+03 4.660120E+03 1.515000E+01 3.371073E+02 4.600464E+01 2.488385E-05 3.900374E-06 2.098348E-05
   5.505570E+03 4.655120E+03 1.515000E+01 3.417684E+02 4.593203E+01 2.745905E-05 4.298408E-06 2.316064E-05
   5.505570E+03 4.650120E+03 1.515000E+01 3.464196E+02 4.586094E+01 3.028555E-05 4.735124E-06 2.555043E-05
   5.505570E+03 4.645120E+03 1.515000E+01 3.510612E+02 4.579136E+01 3.336968E-05 5.211364E-06 2.815831E-05
   5.505570E+03 4.640120E+03 1.515000E+01 3.556931E+02 4.572326E+01 3.670832E-05 5.726291E-06 3.098203E-05
   5.505570E+03 4.635120E+03 1.515000E+01 3.603154E+02 4.565662E+01 4.028417E-05 6.276185E-06 3.400798E-05
   5.505570E+03 4.630120E+03 1.515000E+01 3.649282E+02 4.559143E+01 4.405817E-05 6.851100E-06 3.720707E-05
   5.505570E+03 4.625120E+03 1.515000E+01 3.695316E+02 4.552766E+01 4.793935E-05 7.409328E-06 4.053002E-05
   5.505570E+03 4.620120E+03 1.515000E+01 3.741255E+02 4.546531E+01 5.219029E-05 8.279161E-06 4.391112E-05
   5.505570E+03 4.615120E+03 1.515000E+01 3.787101E+02 4.540434E+01 5.603362E-05 8.787221E-06 4.724640E-05
   5.505570E+03 4.610120E+03 1.515000E+01 3.832853E+02 4.534476E+01 5.979116E-05 9.362513E-06 5.042865E-05
   5.505570E+03 4.605120E+03 1.515000E+01 3.878514E+02 4.528654E+01 6.323594E-05 9.900481E-06 5.333546E-05
   5.505570E+03 4.600120E+03 1.515000E+01 3.924082E+02 4.522965E+01 6.622761E-05 1.037367E-05 5.585394E-05
   5.505570E+03 4.595120E+03 1.515000E+01 3.969559E+02 4.517410E+01 6.866512E-05 1.076464E-05 5.790048E-05
   5.505570E+03 4.590120E+03 1.515000E+01 4.014946E+02 4.511986E+01 7.050352E-05 1.106527E-05 5.943825E-05
   5.505570E+03 4.585120E+03 1.515000E+01 4.060242E+02 4.506691E+01 7.176092E-05 1.127725E-05 6.048367E-05
   5.505570E+03 4.580120E+03 1.515000E+01 4.105449E+02 4.501525E+01 7.250653E-05 1.141009E-05 6.109644E-05
   5.505570E+03 4.575120E+03 1.515000E+01 4.150566E+02 4.496484E+01 7.283133E-05 1.147677E-05 6.135456E-05
   5.505570E+03 4.570120E+03 1.515000E+01 4.195595E+02 4.491569E+01 7.281227E-05 1.148838E-05 6.132390E-05
   5.505570E+03 4.565120E+03 1.515000E+01 4.240536E+02 4.486778E+01 7.248548E-05 1.145008E-05 6.103540E-05
   5.505570E+03 4.560120E+03 1.515000E+01 4.285389E+02 4.482109E+01 7.183948E-05 1.136010E-05 6.047938E-05
   5.505570E+03 4.555120E+03 1.515000E+01 4.330156E+02 4.477560E+01 7.083001E-05 1.121186E-05 5.961814E-05
   5.505570E+03 4.550120E+03 1.515000E+01 4.374835E+02 4.473131E+01 6.940714E-05 1.099806E-05 5.840907E-05
   5.505570E+03 4.545120E+03 1.515000E+01 4.419429E+02 4.468820E+01 6.754229E-05 1.071465E-05 5.682764E-05
   5.505570E+03 4.535120E+03 1.515000E+01 4.508360E+02 4.460546E+01 6.256220E-05 9.951553E-06 5.261065E-05
   5.505570E+03 4.520120E+03 1.515000E+01 4.641123E+02 4.448987E+01 5.306801E-05 8.487055E-06 4.458096E-05
   5.505570E+03 4.500120E+03 1.515000E+01 4.816979E+02 4.435111E+01 4.023387E-05 6.493334E-06 3.374054E-05
   5.505570E+03 4.475120E+03 1.515000E+01 5.034972E+02 4.420128E+01 2.774854E-05 4.534209E-06 2.321433E-05
   5.505570E+03 4.450120E+03 1.515000E+01 5.250988E+02 4.407636E+01 1.942475E-05 3.210785E-06 1.621397E-05
   5.505570E+03 4.425120E+03 1.515000E+01 5.465079E+02 4.397506E+01 1.400195E-05 2.335505E-06 1.166644E-05
   5.505570E+03 4.400120E+03 1.515000E+01 5.677296E+02 4.389613E+01 1.041095E-05 1.746669E-06 8.664279E-06
   5.505570E+03 4.375120E+03 1.515000E+01 5.887687E+02 4.383845E+01 7.967386E-06 1.340224E-06 6.627162E-06
   5.505570E+03 4.350120E+03 1.515000E+01 6.096299E+02 4.380095E+01 6.255556E-06 1.051961E-06 5.203595E-06
   5.505570E+03 4.325120E+03 1.515000E+01 6.303176E+02 4.378263E+01 5.023807E-06 8.421283E-07 4.181678E-06
   5.505570E+03 4.300120E+03 1.515000E+01 6.508360E+02 4.378257E+01 4.116331E-06 6.858652E-07 3.430466E-06
   5.505570E+03 4.275120E+03 1.515000E+01 6.711892E+02 4.379989E+01 3.433120E-06 5.675327E-07 2.865587E-06
   5.505570E+03 4.250120E+03 1.515000E+01 6.913813E+02 4.383377E+01 2.907583E-06 4.762534E-07 2.431330E-06
   5.505570E+03 4.225120E+03 1.515000E+01 7.114158E+02 4.388346E+01 2.495831E-06 4.046123E-07 2.091219E-06
   5.505570E+03 4.200120E+03 1.515000E+01 7.312966E+02 4.394822E+01 2.168563E-06 3.476002E-07 1.820963E-06
