      E_np       q_cm^2      F_L        F_T      F_L20      F_T20      F_LT1M1    F_LT2M1    F_TT2M2    F_'LT1M1   F_'LT2M1   F_'T10 
     [MeV]      [fm^-2]     [fm]       [fm]      [fm]       [fm]        [fm]        [fm]     [fm]        [fm]       [fm]      [fm]
    5.000E-03  4.000E+00  3.019E-03  7.128E-02 -1.606E-03  5.022E-02  1.501E-09  5.722E-04 -1.230E-01 -2.191E-03 -4.217E-10 -8.719E-02
    1.000E-02  4.000E+00  4.799E-03  9.426E-02 -2.416E-03  6.639E-02  3.217E-09  8.186E-04 -1.626E-01 -3.280E-03 -8.427E-10 -1.153E-01
    2.000E-02  4.000E+00  7.225E-03  1.180E-01 -3.527E-03  8.307E-02  6.658E-09  1.167E-03 -2.035E-01 -4.812E-03 -1.672E-09 -1.443E-01
    5.000E-02  4.000E+00  1.182E-02  1.389E-01 -5.642E-03  9.764E-02  1.691E-08  1.827E-03 -2.391E-01 -7.692E-03 -4.170E-09 -1.698E-01
    1.000E-01  4.000E+00  1.670E-02  1.381E-01 -7.884E-03  9.681E-02  3.351E-08  2.533E-03 -2.371E-01 -1.077E-02 -8.467E-09 -1.686E-01
    2.000E-01  4.000E+00  2.296E-02  1.231E-01 -1.075E-02  8.588E-02  6.562E-08  3.441E-03 -2.103E-01 -1.476E-02 -1.926E-08 -1.501E-01
    3.000E-01  4.000E+00  2.722E-02  1.105E-01 -1.266E-02  7.679E-02  9.599E-08  4.054E-03 -1.880E-01 -1.749E-02 -3.509E-08 -1.346E-01
    4.000E-01  4.000E+00  3.040E-02  1.011E-01 -1.407E-02  6.995E-02  1.266E-07  4.509E-03 -1.712E-01 -1.956E-02 -5.958E-08 -1.229E-01
    5.000E-01  4.000E+00  3.290E-02  9.388E-02 -1.515E-02  6.466E-02  1.585E-07  4.864E-03 -1.582E-01 -2.120E-02 -9.507E-08 -1.140E-01
    7.500E-01  4.000E+00  3.730E-02  8.143E-02 -1.698E-02  5.550E-02  2.448E-07  5.481E-03 -1.358E-01 -2.418E-02 -2.528E-07 -9.847E-02
    1.000E+00  4.000E+00  4.012E-02  7.345E-02 -1.807E-02  4.957E-02  3.539E-07  5.867E-03 -1.211E-01 -2.620E-02 -5.458E-07 -8.849E-02
    2.000E+00  4.000E+00  4.504E-02  5.812E-02 -1.942E-02  3.762E-02  1.227E-06  6.508E-03 -9.153E-02 -3.057E-02 -3.950E-06 -6.890E-02
    3.000E+00  4.000E+00  4.653E-02  5.217E-02 -1.915E-02  3.219E-02  3.174E-06  6.696E-03 -7.774E-02 -3.323E-02 -1.289E-05 -6.068E-02
    5.000E+00  4.000E+00  4.783E-02  4.886E-02 -1.778E-02  2.683E-02  1.129E-05  6.927E-03 -6.309E-02 -3.871E-02 -5.632E-05 -5.433E-02
    7.000E+00  4.000E+00  4.967E-02  5.038E-02 -1.638E-02  2.409E-02  2.451E-05  7.271E-03 -5.427E-02 -4.604E-02 -1.446E-04 -5.334E-02
    1.000E+01  4.000E+00  5.483E-02  5.742E-02 -1.448E-02  2.183E-02  4.643E-05  7.990E-03 -4.465E-02 -6.145E-02 -3.752E-04 -5.671E-02
    1.500E+01  4.000E+00  7.123E-02  7.858E-02 -1.120E-02  2.020E-02  3.584E-05  9.259E-03 -3.185E-02 -1.006E-01 -1.007E-03 -7.109E-02
    2.000E+01  4.000E+00  9.939E-02  1.117E-01 -6.899E-03  2.000E-02 -1.425E-04  9.968E-03 -2.048E-02 -1.602E-01 -1.832E-03 -9.603E-02
    2.500E+01  4.000E+00  1.411E-01  1.580E-01 -1.126E-03  2.081E-02 -5.971E-04  9.635E-03 -9.993E-03 -2.435E-01 -2.643E-03 -1.325E-01
    3.000E+01  4.000E+00  1.937E-01  2.148E-01  5.738E-03  2.214E-02 -1.335E-03  8.008E-03 -6.744E-04 -3.459E-01 -3.220E-03 -1.782E-01
    3.500E+01  4.000E+00  2.432E-01  2.678E-01  1.225E-02  2.297E-02 -2.180E-03  5.133E-03  6.695E-03 -4.420E-01 -3.404E-03 -2.207E-01
    4.000E+01  4.000E+00  2.656E-01  2.920E-01  1.632E-02  2.199E-02 -2.810E-03  1.593E-03  1.131E-02 -4.877E-01 -3.171E-03 -2.391E-01
    4.500E+01  4.000E+00  2.487E-01  2.746E-01  1.695E-02  1.889E-02 -3.005E-03 -1.644E-03  1.307E-02 -4.600E-01 -2.656E-03 -2.227E-01
    5.000E+01  4.000E+00  2.064E-01  2.300E-01  1.515E-02  1.480E-02 -2.815E-03 -3.896E-03  1.276E-02 -3.839E-01 -2.058E-03 -1.837E-01
    5.500E+01  4.000E+00  1.599E-01  1.806E-01  1.251E-02  1.097E-02 -2.437E-03 -5.106E-03  1.144E-02 -2.987E-01 -1.517E-03 -1.410E-01
    6.000E+01  4.000E+00  1.206E-01  1.383E-01  1.000E-02  7.938E-03 -2.026E-03 -5.553E-03  9.834E-03 -2.256E-01 -1.085E-03 -1.048E-01
    6.500E+01  4.000E+00  9.064E-02  1.059E-01  7.946E-03  5.713E-03 -1.656E-03 -5.544E-03  8.292E-03 -1.695E-01 -7.626E-04 -7.714E-02
    7.000E+01  4.000E+00  6.876E-02  8.203E-02  6.345E-03  4.125E-03 -1.347E-03 -5.291E-03  6.946E-03 -1.281E-01 -5.284E-04 -5.682E-02
    7.500E+01  4.000E+00  5.291E-02  6.462E-02  5.119E-03  2.997E-03 -1.098E-03 -4.926E-03  5.816E-03 -9.785E-02 -3.610E-04 -4.206E-02
    8.000E+01  4.000E+00  4.137E-02  5.187E-02  4.179E-03  2.177E-03 -8.989E-04 -4.536E-03  4.863E-03 -7.564E-02 -2.421E-04 -3.128E-02
    8.500E+01  4.000E+00  3.286E-02  4.244E-02  3.453E-03  1.599E-03 -7.409E-04 -4.131E-03  4.098E-03 -5.921E-02 -1.583E-04 -2.335E-02
    9.000E+01  4.000E+00  2.649E-02  3.538E-02  2.886E-03  1.182E-03 -6.148E-04 -3.742E-03  3.469E-03 -4.686E-02 -9.943E-05 -1.744E-02
    1.000E+02  4.000E+00  1.793E-02  2.592E-02  2.080E-03  6.511E-04 -4.322E-04 -3.055E-03  2.520E-03 -3.025E-02 -3.063E-05 -9.587E-03
    1.050E+02  4.000E+00  1.503E-02  2.273E-02  1.790E-03  4.863E-04 -3.659E-04 -2.757E-03  2.161E-03 -2.461E-02 -1.191E-05 -6.960E-03
    1.100E+02  4.000E+00  1.272E-02  2.023E-02  1.553E-03  3.657E-04 -3.117E-04 -2.487E-03  1.860E-03 -2.017E-02  2.032E-07 -4.909E-03
    1.150E+02  4.000E+00  1.088E-02  1.824E-02  1.357E-03  2.780E-04 -2.669E-04 -2.243E-03  1.607E-03 -1.663E-02  7.625E-06 -3.290E-03
    1.200E+02  4.000E+00  9.388E-03  1.666E-02  1.193E-03  2.170E-04 -2.298E-04 -2.023E-03  1.391E-03 -1.379E-02  1.172E-05 -1.999E-03
