      E_np       q_cm^2      F_L        F_T      F_L20      F_T20      F_LT1M1    F_LT2M1    F_TT2M2    F_'LT1M1   F_'LT2M1   F_'T10 
     [MeV]      [fm^-2]     [fm]       [fm]      [fm]       [fm]        [fm]        [fm]     [fm]        [fm]       [fm]      [fm]
   5.0000000E-03  1.800E+01  5.326E-05  2.341E-04  3.523E-05  1.611E-04 -1.025E-10  3.119E-05 -3.941E-04  2.003E-05 -5.782E-11 -2.842E-04
   1.0000000E-02  1.800E+01  4.240E-05  3.102E-04  6.059E-06  2.130E-04 -2.178E-10  4.500E-05 -5.203E-04  2.135E-06  2.866E-11 -3.762E-04
   2.0000000E-02  1.800E+01  5.026E-05  3.894E-04 -2.775E-05  2.662E-04 -4.492E-10  6.470E-05 -6.501E-04 -1.879E-05  2.268E-10 -4.716E-04
   5.0000000E-02  1.800E+01  8.048E-05  4.615E-04 -8.426E-05  3.120E-04 -1.138E-09  1.016E-04 -7.613E-04 -5.421E-05  8.654E-10 -5.569E-04
   1.0000000E-01  1.800E+01  1.169E-04  4.638E-04 -1.399E-04  3.079E-04 -2.249E-09  1.410E-04 -7.503E-04 -8.922E-05  1.938E-09 -5.563E-04
   2.0000000E-01  1.800E+01  1.648E-04  4.218E-04 -2.086E-04  2.707E-04 -4.343E-09  1.918E-04 -6.581E-04 -1.326E-04  4.002E-09 -5.004E-04
   3.0000000E-01  1.800E+01  1.973E-04  3.860E-04 -2.542E-04  2.399E-04 -6.275E-09  2.261E-04 -5.823E-04 -1.615E-04  5.933E-09 -4.530E-04
   4.0000000E-01  1.800E+01  2.214E-04  3.592E-04 -2.880E-04  2.165E-04 -8.057E-09  2.516E-04 -5.253E-04 -1.829E-04  7.719E-09 -4.174E-04
   5.0000000E-01  1.800E+01  2.402E-04  3.388E-04 -3.142E-04  1.984E-04 -9.727E-09  2.714E-04 -4.812E-04 -1.996E-04  9.407E-09 -3.898E-04
   7.5000000E-01  1.800E+01  2.728E-04  3.043E-04 -3.597E-04  1.665E-04 -1.341E-08  3.057E-04 -4.049E-04 -2.286E-04  1.317E-08 -3.422E-04
   1.0000000E+00  1.800E+01  2.930E-04  2.830E-04 -3.882E-04  1.453E-04 -1.653E-08  3.269E-04 -3.555E-04 -2.469E-04  1.639E-08 -3.112E-04
   2.0000000E+00  1.800E+01  3.237E-04  2.467E-04 -4.326E-04  9.846E-05 -2.539E-08  3.582E-04 -2.571E-04 -2.765E-04  2.598E-08 -2.476E-04
   3.0000000E+00  1.800E+01  3.267E-04  2.396E-04 -4.386E-04  7.156E-05 -3.077E-08  3.599E-04 -2.132E-04 -2.819E-04  3.258E-08 -2.172E-04
   5.0000000E+00  1.800E+01  3.166E-04  2.570E-04 -4.273E-04  3.104E-05 -3.597E-08  3.453E-04 -1.693E-04 -2.788E-04  4.174E-08 -1.851E-04
   7.0000000E+00  1.800E+01  3.053E-04  2.958E-04 -4.131E-04 -6.668E-06 -3.632E-08  3.285E-04 -1.451E-04 -2.755E-04  4.811E-08 -1.667E-04
   1.0000000E+01  1.800E+01  2.943E-04  3.780E-04 -3.974E-04 -6.696E-05 -2.981E-08  3.072E-04 -1.210E-04 -2.779E-04  5.413E-08 -1.491E-04
   1.5000000E+01  1.800E+01  2.918E-04  5.574E-04 -3.859E-04 -1.773E-04 -1.940E-09  2.821E-04 -9.164E-05 -3.076E-04  5.433E-08 -1.324E-04
   2.0000000E+01  1.800E+01  3.047E-04  7.775E-04 -3.859E-04 -2.991E-04  4.545E-08  2.642E-04 -6.728E-05 -3.694E-04  3.847E-08 -1.275E-04
   2.5000000E+01  1.800E+01  3.302E-04  1.026E-03 -3.923E-04 -4.243E-04  1.094E-07  2.479E-04 -4.597E-05 -4.613E-04 -9.768E-10 -1.366E-04
   3.0000000E+01  1.800E+01  3.671E-04  1.302E-03 -4.023E-04 -5.484E-04  1.864E-07  2.305E-04 -2.675E-05 -5.835E-04 -7.680E-08 -1.635E-04
   3.5000000E+01  1.800E+01  4.149E-04  1.603E-03 -4.142E-04 -6.663E-04  2.722E-07  2.112E-04 -8.696E-06 -7.369E-04 -2.094E-07 -2.131E-04
   4.0000000E+01  1.800E+01  4.738E-04  1.931E-03 -4.269E-04 -7.746E-04  3.619E-07  1.892E-04  8.033E-06 -9.220E-04 -4.285E-07 -2.905E-04
   4.5000000E+01  1.800E+01  5.440E-04  2.289E-03 -4.397E-04 -8.703E-04  4.494E-07  1.643E-04  2.340E-05 -1.141E-03 -7.738E-07 -4.014E-04
   5.0000000E+01  1.800E+01  6.263E-04  2.684E-03 -4.522E-04 -9.510E-04  5.262E-07  1.367E-04  3.726E-05 -1.395E-03 -1.295E-06 -5.521E-04
   5.5000000E+01  1.800E+01  7.215E-04  3.121E-03 -4.639E-04 -1.015E-03  5.805E-07  1.066E-04  4.940E-05 -1.688E-03 -2.049E-06 -7.494E-04
   6.0000000E+01  1.800E+01  8.312E-04  3.609E-03 -4.746E-04 -1.060E-03  5.947E-07  7.439E-05  5.955E-05 -2.024E-03 -3.098E-06 -1.002E-03
   6.5000000E+01  1.800E+01  9.569E-04  4.159E-03 -4.838E-04 -1.086E-03  5.443E-07  4.057E-05  6.743E-05 -2.410E-03 -4.510E-06 -1.318E-03
   7.0000000E+01  1.800E+01  1.101E-03  4.784E-03 -4.912E-04 -1.090E-03  3.966E-07  5.610E-06  7.282E-05 -2.854E-03 -6.351E-06 -1.710E-03
   7.5000000E+01  1.800E+01  1.266E-03  5.498E-03 -4.963E-04 -1.072E-03  1.092E-07 -2.997E-05  7.555E-05 -3.364E-03 -8.686E-06 -2.189E-03
   8.0000000E+01  1.800E+01  1.456E-03  6.320E-03 -4.987E-04 -1.029E-03 -3.714E-07 -6.566E-05  7.568E-05 -3.954E-03 -1.157E-05 -2.773E-03
   8.5000000E+01  1.800E+01  1.675E-03  7.271E-03 -4.977E-04 -9.604E-04 -1.113E-06 -1.006E-04  7.266E-05 -4.638E-03 -1.505E-05 -3.478E-03
   9.0000000E+01  1.800E+01  1.928E-03  8.376E-03 -4.928E-04 -8.615E-04 -2.197E-06 -1.340E-04  6.656E-05 -5.434E-03 -1.915E-05 -4.327E-03
   1.0000000E+02  1.800E+01  2.565E-03  1.118E-02 -4.678E-04 -5.744E-04 -5.811E-06 -1.968E-04  4.527E-05 -7.460E-03 -2.923E-05 -6.569E-03
   1.0500000E+02  1.800E+01  2.965E-03  1.296E-02 -4.459E-04 -3.792E-04 -8.583E-06 -2.244E-04  3.084E-05 -8.751E-03 -3.515E-05 -8.032E-03
   1.1000000E+02  1.800E+01  3.435E-03  1.507E-02 -4.166E-04 -1.457E-04 -1.218E-05 -2.484E-04  1.502E-05 -1.028E-02 -4.158E-05 -9.779E-03
   1.1500000E+02  1.800E+01  3.987E-03  1.755E-02 -3.785E-04  1.295E-04 -1.674E-05 -2.683E-04 -1.456E-06 -1.209E-02 -4.844E-05 -1.186E-02
   1.2000000E+02  1.800E+01  4.638E-03  2.048E-02 -3.305E-04  4.518E-04 -2.242E-05 -2.833E-04 -2.258E-05 -1.423E-02 -5.561E-05 -1.435E-02
   1.2500000E+02  1.800E+01  5.403E-03  2.394E-02 -2.713E-04  8.202E-04 -2.934E-05 -2.929E-04 -3.636E-05 -1.677E-02 -6.292E-05 -1.729E-02
   1.3000000E+02  1.800E+01  6.301E-03  2.801E-02 -1.997E-04  1.239E-03 -3.762E-05 -2.966E-04 -4.571E-05 -1.977E-02 -7.021E-05 -2.076E-02
   1.3500000E+02  1.800E+01  7.346E-03  3.275E-02 -1.148E-04  1.708E-03 -4.730E-05 -2.942E-04 -4.789E-05 -2.328E-02 -7.726E-05 -2.481E-02
   1.4000000E+02  1.800E+01  8.548E-03  3.820E-02 -1.603E-05  2.224E-03 -5.835E-05 -2.857E-04 -3.939E-05 -2.734E-02 -8.382E-05 -2.947E-02
   1.4500000E+02  1.800E+01  9.903E-03  4.436E-02  9.615E-05  2.779E-03 -7.058E-05 -2.716E-04 -1.603E-05 -3.193E-02 -8.963E-05 -3.474E-02
   1.5000000E+02  1.800E+01  1.138E-02  5.108E-02  2.198E-04  3.358E-03 -8.360E-05 -2.531E-04  2.666E-05 -3.697E-02 -9.442E-05 -4.049E-02
   1.5500000E+02  1.800E+01  1.293E-02  5.811E-02  3.510E-04  3.934E-03 -9.682E-05 -2.318E-04  9.248E-05 -4.225E-02 -9.789E-05 -4.650E-02
   1.6000000E+02  1.800E+01  1.444E-02  6.499E-02  4.831E-04  4.470E-03 -1.094E-04 -2.099E-04  1.834E-04 -4.743E-02 -9.977E-05 -5.236E-02
   1.7000000E+02  1.800E+01  1.677E-02  7.567E-02  7.139E-04  5.247E-03 -1.289E-04 -1.740E-04  4.334E-04 -5.552E-02 -9.811E-05 -6.144E-02
   1.8000000E+02  1.800E+01  1.731E-02  7.828E-02  8.418E-04  5.388E-03 -1.357E-04 -1.598E-04  7.286E-04 -5.755E-02 -8.944E-05 -6.360E-02
   1.9000000E+02  1.800E+01  1.584E-02  7.184E-02  8.430E-04  4.871E-03 -1.289E-04 -1.663E-04  9.946E-04 -5.273E-02 -7.605E-05 -5.800E-02
   2.0000000E+02  1.800E+01  1.319E-02  6.006E-02  7.560E-04  3.979E-03 -1.130E-04 -1.794E-04  1.180E-03 -4.384E-02 -6.122E-05 -4.785E-02
