      E_np       q_cm^2      F_L        F_T      F_L20      F_T20      F_LT1M1    F_LT2M1    F_TT2M2    F_'LT1M1   F_'LT2M1   F_'T10 
     [MeV]      [fm^-2]     [fm]       [fm]      [fm]       [fm]        [fm]        [fm]     [fm]        [fm]       [fm]      [fm]
   5.0000000E-03  4.000E+01  7.207E-06  8.931E-06  4.677E-06  6.234E-06  4.871E-11  1.081E-06 -1.535E-05  1.447E-06 -1.448E-11 -1.089E-05
   1.0000000E-02  4.000E+01  5.102E-06  1.181E-05  3.608E-06  8.238E-06  2.650E-11  1.278E-06 -2.030E-05  1.284E-06  2.339E-11 -1.440E-05
   2.0000000E-02  4.000E+01  4.354E-06  1.479E-05  2.804E-06  1.030E-05 -3.090E-11  1.593E-06 -2.539E-05  1.174E-06  1.084E-10 -1.802E-05
   5.0000000E-02  4.000E+01  4.618E-06  1.742E-05  1.944E-06  1.207E-05 -2.284E-10  2.192E-06 -2.983E-05  1.094E-06  3.802E-10 -2.119E-05
   1.0000000E-01  4.000E+01  5.507E-06  1.733E-05  1.373E-06  1.191E-05 -5.669E-10  2.904E-06 -2.953E-05  1.119E-06  8.328E-10 -2.102E-05
   2.0000000E-01  4.000E+01  6.893E-06  1.547E-05  8.232E-07  1.046E-05 -1.222E-09  3.837E-06 -2.613E-05  1.204E-06  1.697E-09 -1.865E-05
   3.0000000E-01  4.000E+01  7.887E-06  1.392E-05  5.042E-07  9.258E-06 -1.833E-09  4.474E-06 -2.329E-05  1.279E-06  2.499E-09 -1.668E-05
   4.0000000E-01  4.000E+01  8.640E-06  1.275E-05  2.798E-07  8.347E-06 -2.400E-09  4.949E-06 -2.116E-05  1.340E-06  3.243E-09 -1.519E-05
   5.0000000E-01  4.000E+01  9.232E-06  1.186E-05  1.085E-07  7.636E-06 -2.925E-09  5.320E-06 -1.951E-05  1.391E-06  3.932E-09 -1.403E-05
   7.5000000E-01  4.000E+01  1.026E-05  1.034E-05 -1.905E-07  6.382E-06 -4.082E-09  5.962E-06 -1.663E-05  1.487E-06  5.452E-09 -1.201E-05
   1.0000000E+00  4.000E+01  1.089E-05  9.375E-06 -3.869E-07  5.540E-06 -5.054E-09  6.360E-06 -1.475E-05  1.554E-06  6.735E-09 -1.068E-05
   2.0000000E+00  4.000E+01  1.180E-05  7.659E-06 -7.739E-07  3.658E-06 -7.720E-09  6.949E-06 -1.092E-05  1.708E-06  1.031E-08 -7.879E-06
   3.0000000E+00  4.000E+01  1.182E-05  7.198E-06 -9.346E-07  2.553E-06 -9.258E-09  6.980E-06 -9.127E-06  1.816E-06  1.247E-08 -6.450E-06
   5.0000000E+00  4.000E+01  1.133E-05  7.555E-06 -1.091E-06  8.579E-07 -1.077E-08  6.704E-06 -7.270E-06  2.050E-06  1.483E-08 -4.699E-06
   7.0000000E+00  4.000E+01  1.081E-05  8.730E-06 -1.201E-06 -7.284E-07 -1.125E-08  6.374E-06 -6.242E-06  2.339E-06  1.595E-08 -3.417E-06
   1.0000000E+01  4.000E+01  1.022E-05  1.138E-05 -1.369E-06 -3.273E-06 -1.098E-08  5.901E-06 -5.233E-06  2.905E-06  1.648E-08 -1.793E-06
   1.5000000E+01  4.000E+01  9.665E-06  1.728E-05 -1.698E-06 -8.009E-06 -8.894E-09  5.287E-06 -4.241E-06  3.866E-06  1.551E-08  9.290E-07
   2.0000000E+01  4.000E+01  9.488E-06  2.450E-05 -2.080E-06 -1.344E-05 -5.273E-09  4.789E-06 -3.676E-06  4.735E-06  1.276E-08  3.845E-06
   2.5000000E+01  4.000E+01  9.566E-06  3.247E-05 -2.499E-06 -1.923E-05 -3.909E-10  4.276E-06 -3.339E-06  5.394E-06  8.377E-09  6.870E-06
   3.0000000E+01  4.000E+01  9.837E-06  4.093E-05 -2.940E-06 -2.529E-05  5.545E-09  3.715E-06 -3.204E-06  5.780E-06  2.392E-09  9.976E-06
   3.5000000E+01  4.000E+01  1.027E-05  4.967E-05 -3.395E-06 -3.145E-05  1.234E-08  3.124E-06 -3.259E-06  5.791E-06 -5.219E-09  1.314E-05
   4.0000000E+01  4.000E+01  1.084E-05  5.856E-05 -3.848E-06 -3.762E-05  1.984E-08  2.486E-06 -3.485E-06  5.416E-06 -1.456E-08  1.628E-05
   4.5000000E+01  4.000E+01  1.154E-05  6.749E-05 -4.283E-06 -4.371E-05  2.789E-08  1.804E-06 -3.871E-06  4.648E-06 -2.583E-08  1.935E-05
   5.0000000E+01  4.000E+01  1.238E-05  7.643E-05 -4.675E-06 -4.967E-05  3.641E-08  1.086E-06 -4.409E-06  3.496E-06 -3.936E-08  2.230E-05
   5.5000000E+01  4.000E+01  1.336E-05  8.536E-05 -4.978E-06 -5.546E-05  4.539E-08  3.438E-07 -5.090E-06  1.984E-06 -5.564E-08  2.510E-05
   6.0000000E+01  4.000E+01  1.454E-05  9.428E-05 -5.068E-06 -6.106E-05  5.488E-08 -3.968E-07 -5.903E-06  1.737E-07 -7.528E-08  2.770E-05
   6.5000000E+01  4.000E+01  1.619E-05  1.032E-04 -4.492E-06 -6.645E-05  6.529E-08 -1.057E-06 -6.840E-06 -1.739E-06 -9.914E-08  3.007E-05
   7.0000000E+01  4.000E+01  2.192E-05  1.122E-04  6.504E-07 -7.163E-05  8.005E-08 -1.025E-06 -7.894E-06 -2.240E-06 -1.291E-07  3.217E-05
   7.5000000E+01  4.000E+01  2.103E-05  1.214E-04 -1.877E-05 -7.660E-05  7.137E-08 -5.223E-06 -9.054E-06 -1.349E-05 -1.581E-07  3.398E-05
   8.0000000E+01  4.000E+01  1.855E-05  1.308E-04 -1.282E-05 -8.138E-05  8.864E-08 -4.884E-06 -1.028E-05 -1.385E-05 -2.016E-07  3.544E-05
   8.5000000E+01  4.000E+01  1.992E-05  1.404E-04 -1.228E-05 -8.594E-05  1.003E-07 -5.625E-06 -1.162E-05 -1.715E-05 -2.518E-07  3.653E-05
   9.0000000E+01  4.000E+01  2.147E-05  1.503E-04 -1.250E-05 -9.030E-05  1.113E-07 -6.525E-06 -1.305E-05 -2.112E-05 -3.113E-07  3.720E-05
   1.0000000E+02  4.000E+01  2.486E-05  1.714E-04 -1.360E-05 -9.841E-05  1.327E-07 -8.496E-06 -1.611E-05 -3.041E-05 -4.640E-07  3.709E-05
   1.0500000E+02  4.000E+01  2.670E-05  1.828E-04 -1.429E-05 -1.022E-04  1.428E-07 -9.551E-06 -1.774E-05 -3.568E-05 -5.598E-07  3.621E-05
   1.1000000E+02  4.000E+01  2.864E-05  1.949E-04 -1.503E-05 -1.059E-04  1.522E-07 -1.065E-05 -1.943E-05 -4.138E-05 -6.706E-07  3.468E-05
   1.1500000E+02  4.000E+01  3.069E-05  2.078E-04 -1.580E-05 -1.093E-04  1.607E-07 -1.178E-05 -2.116E-05 -4.752E-05 -7.975E-07  3.245E-05
   1.2000000E+02  4.000E+01  3.287E-05  2.216E-04 -1.660E-05 -1.127E-04  1.678E-07 -1.297E-05 -2.290E-05 -5.413E-05 -9.418E-07  2.945E-05
   1.2500000E+02  4.000E+01  3.518E-05  2.364E-04 -1.743E-05 -1.158E-04  1.729E-07 -1.419E-05 -2.470E-05 -6.126E-05 -1.105E-06  2.556E-05
   1.3000000E+02  4.000E+01  3.762E-05  2.524E-04 -1.826E-05 -1.188E-04  1.755E-07 -1.547E-05 -2.653E-05 -6.893E-05 -1.287E-06  2.071E-05
   1.3500000E+02  4.000E+01  4.022E-05  2.697E-04 -1.910E-05 -1.216E-04  1.748E-07 -1.681E-05 -2.839E-05 -7.722E-05 -1.490E-06  1.477E-05
   1.4000000E+02  4.000E+01  4.299E-05  2.884E-04 -1.993E-05 -1.242E-04  1.700E-07 -1.820E-05 -3.025E-05 -8.616E-05 -1.714E-06  7.644E-06
   1.4500000E+02  4.000E+01  4.594E-05  3.087E-04 -2.077E-05 -1.266E-04  1.599E-07 -1.966E-05 -3.213E-05 -9.584E-05 -1.958E-06 -8.162E-07
   1.5000000E+02  4.000E+01  4.909E-05  3.308E-04 -2.159E-05 -1.288E-04  1.438E-07 -2.118E-05 -3.401E-05 -1.063E-04 -2.224E-06 -1.076E-05
   1.5500000E+02  4.000E+01  5.246E-05  3.549E-04 -2.239E-05 -1.308E-04  1.205E-07 -2.277E-05 -3.588E-05 -1.177E-04 -2.512E-06 -2.234E-05
   1.6000000E+02  4.000E+01  5.607E-05  3.812E-04 -2.317E-05 -1.325E-04  8.897E-08 -2.444E-05 -3.774E-05 -1.301E-04 -2.821E-06 -3.577E-05
   1.7000000E+02  4.000E+01  6.411E-05  4.414E-04 -2.463E-05 -1.352E-04 -4.164E-09 -2.801E-05 -4.140E-05 -1.584E-04 -3.505E-06 -6.901E-05
   1.8000000E+02  4.000E+01  7.347E-05  5.138E-04 -2.592E-05 -1.366E-04 -1.478E-07 -3.190E-05 -4.494E-05 -1.923E-04 -4.269E-06 -1.125E-04
   1.9000000E+02  4.000E+01  8.443E-05  6.010E-04 -2.697E-05 -1.364E-04 -3.566E-07 -3.613E-05 -4.834E-05 -2.330E-04 -5.101E-06 -1.688E-04
   2.0000000E+02  4.000E+01  9.736E-05  7.069E-04 -2.772E-05 -1.343E-04 -6.463E-07 -4.070E-05 -5.152E-05 -2.825E-04 -5.988E-06 -2.410E-04
