      E_np       q_cm^2      F_L        F_T      F_L20      F_T20      F_LT1M1    F_LT2M1    F_TT2M2    F_'LT1M1   F_'LT2M1   F_'T10 
     [MeV]      [fm^-2]     [fm]       [fm]      [fm]       [fm]        [fm]        [fm]     [fm]        [fm]       [fm]      [fm]
   5.0000000E-03  2.200E+01  4.573E-05  2.378E-05  3.231E-05  1.493E-05 -3.817E-11  1.523E-05 -3.638E-05  1.598E-05 -5.195E-11 -2.803E-05
   1.0000000E-02  2.200E+01  3.267E-05  3.173E-05  1.763E-05  1.975E-05 -1.679E-10  2.181E-05 -4.775E-05  8.408E-06  5.700E-11 -3.732E-05
   2.0000000E-02  2.200E+01  3.215E-05  4.023E-05  1.866E-06  2.456E-05 -4.433E-10  3.127E-05 -5.932E-05 -7.138E-09  3.049E-10 -4.702E-05
   5.0000000E-02  2.200E+01  4.357E-05  4.886E-05 -2.287E-05  2.846E-05 -1.288E-09  4.902E-05 -6.843E-05 -1.367E-05  1.093E-09 -5.630E-05
   1.0000000E-01  2.200E+01  5.969E-05  5.099E-05 -4.621E-05  2.754E-05 -2.677E-09  6.800E-05 -6.578E-05 -2.668E-05  2.413E-09 -5.747E-05
   2.0000000E-01  2.200E+01  8.168E-05  4.954E-05 -7.444E-05  2.326E-05 -5.310E-09  9.245E-05 -5.493E-05 -4.248E-05  4.940E-09 -5.371E-05
   3.0000000E-01  2.200E+01  9.676E-05  4.794E-05 -9.298E-05  1.977E-05 -7.745E-09  1.090E-04 -4.631E-05 -5.287E-05  7.292E-09 -5.024E-05
   4.0000000E-01  2.200E+01  1.080E-04  4.683E-05 -1.067E-04  1.708E-05 -9.999E-09  1.213E-04 -3.984E-05 -6.054E-05  9.479E-09 -4.761E-05
   5.0000000E-01  2.200E+01  1.168E-04  4.609E-05 -1.173E-04  1.493E-05 -1.208E-08  1.308E-04 -3.484E-05 -6.649E-05  1.151E-08 -4.557E-05
   7.5000000E-01  2.200E+01  1.320E-04  4.522E-05 -1.357E-04  1.096E-05 -1.669E-08  1.474E-04 -2.619E-05 -7.681E-05  1.601E-08 -4.199E-05
   1.0000000E+00  2.200E+01  1.414E-04  4.512E-05 -1.473E-04  8.078E-06 -2.058E-08  1.577E-04 -2.063E-05 -8.327E-05  1.984E-08 -3.956E-05
   2.0000000E+00  2.200E+01  1.554E-04  4.796E-05 -1.658E-04  9.935E-08 -3.141E-08  1.730E-04 -9.981E-06 -9.337E-05  3.081E-08 -3.369E-05
   3.0000000E+00  2.200E+01  1.564E-04  5.358E-05 -1.689E-04 -6.572E-06 -3.785E-08  1.741E-04 -5.641E-06 -9.468E-05  3.782E-08 -2.975E-05
   5.0000000E+00  2.200E+01  1.507E-04  7.030E-05 -1.655E-04 -2.064E-05 -4.433E-08  1.676E-04 -1.539E-06 -9.186E-05  4.647E-08 -2.334E-05
   7.0000000E+00  2.200E+01  1.444E-04  9.252E-05 -1.607E-04 -3.688E-05 -4.607E-08  1.601E-04  7.681E-07 -8.849E-05  5.156E-08 -1.735E-05
   1.0000000E+01  2.200E+01  1.377E-04  1.339E-04 -1.557E-04 -6.578E-05 -4.308E-08  1.507E-04  3.341E-06 -8.529E-05  5.549E-08 -8.446E-06
   1.5000000E+01  2.200E+01  1.333E-04  2.190E-04 -1.528E-04 -1.220E-04 -2.666E-08  1.403E-04  7.246E-06 -8.820E-05  5.441E-08  6.844E-06
   2.0000000E+01  2.200E+01  1.352E-04  3.206E-04 -1.545E-04 -1.864E-04  1.795E-09  1.337E-04  1.086E-05 -1.018E-04  4.369E-08  2.160E-05
   2.5000000E+01  2.200E+01  1.418E-04  4.332E-04 -1.589E-04 -2.541E-04  4.037E-08  1.279E-04  1.388E-05 -1.258E-04  2.150E-08  3.377E-05
   3.0000000E+01  2.200E+01  1.525E-04  5.551E-04 -1.650E-04 -3.230E-04  8.726E-08  1.220E-04  1.621E-05 -1.604E-04 -1.588E-08  4.166E-05
   3.5000000E+01  2.200E+01  1.669E-04  6.855E-04 -1.721E-04 -3.905E-04  1.408E-07  1.153E-04  1.810E-05 -2.058E-04 -7.480E-08  4.331E-05
   4.0000000E+01  2.200E+01  1.848E-04  8.239E-04 -1.798E-04 -4.550E-04  1.997E-07  1.073E-04  1.939E-05 -2.621E-04 -1.649E-07  3.694E-05
   4.5000000E+01  2.200E+01  2.061E-04  9.709E-04 -1.880E-04 -5.153E-04  2.623E-07  9.800E-05  2.004E-05 -3.294E-04 -2.997E-07  2.075E-05
   5.0000000E+01  2.200E+01  2.309E-04  1.128E-03 -1.963E-04 -5.702E-04  3.274E-07  8.720E-05  1.999E-05 -4.081E-04 -4.965E-07 -7.155E-06
   5.5000000E+01  2.200E+01  2.593E-04  1.295E-03 -2.048E-04 -6.190E-04  3.929E-07  7.498E-05  1.915E-05 -4.985E-04 -7.759E-07 -4.874E-05
   6.0000000E+01  2.200E+01  2.915E-04  1.477E-03 -2.134E-04 -6.612E-04  4.556E-07  6.141E-05  1.742E-05 -6.014E-04 -1.162E-06 -1.062E-04
   6.5000000E+01  2.200E+01  3.279E-04  1.674E-03 -2.218E-04 -6.961E-04  5.111E-07  4.658E-05  1.470E-05 -7.178E-04 -1.681E-06 -1.818E-04
   7.0000000E+01  2.200E+01  3.688E-04  1.890E-03 -2.300E-04 -7.235E-04  5.531E-07  3.062E-05  1.089E-05 -8.489E-04 -2.360E-06 -2.783E-04
   7.5000000E+01  2.200E+01  4.146E-04  2.129E-03 -2.380E-04 -7.429E-04  5.733E-07  1.364E-05  5.904E-06 -9.965E-04 -3.228E-06 -3.988E-04
   8.0000000E+01  2.200E+01  4.660E-04  2.395E-03 -2.455E-04 -7.539E-04  5.608E-07 -4.198E-06 -2.658E-08 -1.163E-03 -4.313E-06 -5.469E-04
   8.5000000E+01  2.200E+01  5.236E-04  2.692E-03 -2.525E-04 -7.563E-04  5.014E-07 -2.271E-05 -7.635E-06 -1.350E-03 -5.641E-06 -7.263E-04
   9.0000000E+01  2.200E+01  5.885E-04  3.026E-03 -2.588E-04 -7.486E-04  3.770E-07 -4.162E-05 -1.672E-05 -1.562E-03 -7.231E-06 -9.417E-04
   1.0000000E+02  2.200E+01  7.439E-04  3.833E-03 -2.685E-04 -7.052E-04 -1.613E-07 -8.144E-05 -3.988E-05 -2.074E-03 -1.126E-05 -1.504E-03
   1.0500000E+02  2.200E+01  8.374E-04  4.322E-03 -2.715E-04 -6.676E-04 -6.332E-07 -1.017E-04 -5.400E-05 -2.386E-03 -1.371E-05 -1.865E-03
   1.1000000E+02  2.200E+01  9.436E-04  4.881E-03 -2.730E-04 -6.184E-04 -1.285E-06 -1.221E-04 -6.974E-05 -2.742E-03 -1.644E-05 -2.290E-03
   1.1500000E+02  2.200E+01  1.065E-03  5.523E-03 -2.727E-04 -5.567E-04 -2.157E-06 -1.423E-04 -8.715E-05 -3.152E-03 -1.946E-05 -2.789E-03
   1.2000000E+02  2.200E+01  1.203E-03  6.263E-03 -2.702E-04 -4.807E-04 -3.291E-06 -1.621E-04 -1.081E-04 -3.626E-03 -2.273E-05 -3.378E-03
   1.2500000E+02  2.200E+01  1.362E-03  7.116E-03 -2.653E-04 -3.905E-04 -4.736E-06 -1.814E-04 -1.288E-04 -4.173E-03 -2.623E-05 -4.067E-03
   1.3000000E+02  2.200E+01  1.545E-03  8.104E-03 -2.576E-04 -2.841E-04 -6.545E-06 -1.999E-04 -1.509E-04 -4.808E-03 -2.991E-05 -4.876E-03
   1.3500000E+02  2.200E+01  1.757E-03  9.248E-03 -2.467E-04 -1.601E-04 -8.773E-06 -2.173E-04 -1.740E-04 -5.548E-03 -3.373E-05 -5.823E-03
   1.4000000E+02  2.200E+01  2.002E-03  1.058E-02 -2.320E-04 -1.675E-05 -1.148E-05 -2.334E-04 -1.979E-04 -6.410E-03 -3.764E-05 -6.933E-03
   1.4500000E+02  2.200E+01  2.286E-03  1.212E-02 -2.133E-04  1.476E-04 -1.471E-05 -2.478E-04 -2.217E-04 -7.416E-03 -4.156E-05 -8.232E-03
   1.5000000E+02  2.200E+01  2.615E-03  1.392E-02 -1.898E-04  3.347E-04 -1.852E-05 -2.601E-04 -2.446E-04 -8.590E-03 -4.543E-05 -9.751E-03
   1.5500000E+02  2.200E+01  2.998E-03  1.601E-02 -1.612E-04  5.462E-04 -2.294E-05 -2.701E-04 -2.655E-04 -9.961E-03 -4.918E-05 -1.152E-02
   1.6000000E+02  2.200E+01  3.440E-03  1.842E-02 -1.269E-04  7.834E-04 -2.799E-05 -2.775E-04 -2.829E-04 -1.155E-02 -5.274E-05 -1.358E-02
   1.7000000E+02  2.200E+01  4.529E-03  2.439E-02 -3.954E-05  1.337E-03 -3.990E-05 -2.830E-04 -3.013E-04 -1.551E-02 -5.892E-05 -1.867E-02
   1.8000000E+02  2.200E+01  5.907E-03  3.193E-02  7.333E-05  1.982E-03 -5.371E-05 -2.753E-04 -2.852E-04 -2.055E-02 -6.323E-05 -2.511E-02
   1.9000000E+02  2.200E+01  7.485E-03  4.057E-02  2.057E-04  2.662E-03 -6.797E-05 -2.557E-04 -2.177E-04 -2.636E-02 -6.495E-05 -3.247E-02
   2.0000000E+02  2.200E+01  8.968E-03  4.870E-02  3.389E-04  3.253E-03 -8.003E-05 -2.282E-04 -8.617E-05 -3.186E-02 -6.351E-05 -3.940E-02
