      E_np       q_cm^2      F_L        F_T      F_L20      F_T20      F_LT1M1    F_LT2M1    F_TT2M2    F_'LT1M1   F_'LT2M1   F_'T10 
     [MeV]      [fm^-2]     [fm]       [fm]      [fm]       [fm]        [fm]        [fm]     [fm]        [fm]       [fm]      [fm]
   5.0000000E-03  1.100E+01  7.471E-05  5.360E-03 -9.574E-05  3.764E-03  8.465E-11  1.216E-04 -9.219E-03 -8.494E-05 -2.050E-10 -6.550E-03
   1.0000000E-02  1.100E+01  1.498E-04  7.089E-03 -2.110E-04  4.977E-03  4.104E-10  1.730E-04 -1.219E-02 -1.854E-04 -3.172E-10 -8.661E-03
   2.0000000E-02  1.100E+01  2.685E-04  8.877E-03 -3.610E-04  6.226E-03  1.106E-09  2.448E-04 -1.525E-02 -3.159E-04 -5.241E-10 -1.084E-02
   5.0000000E-02  1.100E+01  5.007E-04  1.046E-02 -6.374E-04  7.316E-03  3.246E-09  3.854E-04 -1.791E-02 -5.590E-04 -1.095E-09 -1.276E-02
   1.0000000E-01  1.100E+01  7.443E-04  1.041E-02 -9.240E-04  7.249E-03  6.752E-09  5.343E-04 -1.775E-02 -8.103E-04 -1.974E-09 -1.268E-02
   2.0000000E-01  1.100E+01  1.054E-03  9.298E-03 -1.288E-03  6.421E-03  1.340E-08  7.257E-04 -1.572E-02 -1.131E-03 -3.591E-09 -1.130E-02
   3.0000000E-01  1.100E+01  1.262E-03  8.367E-03 -1.532E-03  5.732E-03  1.955E-08  8.547E-04 -1.403E-02 -1.347E-03 -5.011E-09 -1.014E-02
   4.0000000E-01  1.100E+01  1.417E-03  7.667E-03 -1.713E-03  5.213E-03  2.522E-08  9.505E-04 -1.276E-02 -1.508E-03 -6.319E-09 -9.267E-03
   5.0000000E-01  1.100E+01  1.538E-03  7.128E-03 -1.853E-03  4.812E-03  3.037E-08  1.025E-03 -1.178E-02 -1.635E-03 -7.419E-09 -8.593E-03
   7.5000000E-01  1.100E+01  1.749E-03  6.199E-03 -2.096E-03  4.115E-03  4.178E-08  1.152E-03 -1.007E-02 -1.857E-03 -9.809E-09 -7.428E-03
   1.0000000E+00  1.100E+01  1.881E-03  5.602E-03 -2.245E-03  3.661E-03  5.122E-08  1.231E-03 -8.969E-03 -1.999E-03 -1.153E-08 -6.674E-03
   2.0000000E+00  1.100E+01  2.092E-03  4.439E-03 -2.466E-03  2.734E-03  7.715E-08  1.340E-03 -6.737E-03 -2.243E-03 -1.447E-08 -5.163E-03
   3.0000000E+00  1.100E+01  2.128E-03  3.966E-03 -2.480E-03  2.296E-03  9.212E-08  1.339E-03 -5.711E-03 -2.312E-03 -1.324E-08 -4.491E-03
   5.0000000E+00  1.100E+01  2.099E-03  3.644E-03 -2.386E-03  1.820E-03  1.115E-07  1.270E-03 -4.657E-03 -2.367E-03 -5.214E-09 -3.868E-03
   7.0000000E+00  1.100E+01  2.067E-03  3.657E-03 -2.282E-03  1.523E-03  1.298E-07  1.193E-03 -4.065E-03 -2.443E-03  5.562E-09 -3.603E-03
   1.0000000E+01  1.100E+01  2.066E-03  3.962E-03 -2.163E-03  1.184E-03  1.680E-07  1.094E-03 -3.480E-03 -2.653E-03  1.961E-08 -3.476E-03
   1.5000000E+01  1.100E+01  2.200E-03  4.888E-03 -2.045E-03  7.125E-04  2.750E-07  9.609E-04 -2.811E-03 -3.279E-03  1.458E-08 -3.605E-03
   2.0000000E+01  1.100E+01  2.488E-03  6.167E-03 -1.979E-03  2.805E-04  4.337E-07  8.427E-04 -2.295E-03 -4.246E-03 -7.762E-08 -4.003E-03
   2.5000000E+01  1.100E+01  2.926E-03  7.733E-03 -1.929E-03 -1.083E-04  6.161E-07  7.163E-04 -1.856E-03 -5.551E-03 -3.564E-07 -4.642E-03
   3.0000000E+01  1.100E+01  3.519E-03  9.596E-03 -1.874E-03 -4.371E-04  7.644E-07  5.745E-04 -1.460E-03 -7.216E-03 -9.807E-07 -5.553E-03
   3.5000000E+01  1.100E+01  4.282E-03  1.180E-02 -1.801E-03 -6.810E-04  7.761E-07  4.181E-04 -1.094E-03 -9.281E-03 -2.178E-06 -6.796E-03
   4.0000000E+01  1.100E+01  5.236E-03  1.442E-02 -1.701E-03 -8.188E-04  4.842E-07  2.506E-04 -7.525E-04 -1.181E-02 -4.245E-06 -8.449E-03
   4.5000000E+01  1.100E+01  6.410E-03  1.756E-02 -1.571E-03 -8.301E-04 -3.647E-07  7.919E-05 -4.323E-04 -1.488E-02 -7.532E-06 -1.061E-02
   5.0000000E+01  1.100E+01  7.842E-03  2.136E-02 -1.406E-03 -6.951E-04 -2.135E-06 -8.663E-05 -1.330E-04 -1.863E-02 -1.242E-05 -1.341E-02
   5.5000000E+01  1.100E+01  9.583E-03  2.600E-02 -1.202E-03 -3.950E-04 -5.332E-06 -2.368E-04  1.449E-04 -2.321E-02 -1.931E-05 -1.701E-02
   6.0000000E+01  1.100E+01  1.169E-02  3.172E-02 -9.563E-04  8.878E-05 -1.063E-05 -3.613E-04  4.004E-04 -2.884E-02 -2.855E-05 -2.161E-02
   6.5000000E+01  1.100E+01  1.423E-02  3.878E-02 -6.604E-04  7.738E-04 -1.886E-05 -4.512E-04  6.333E-04 -3.576E-02 -4.043E-05 -2.744E-02
   7.0000000E+01  1.100E+01  1.705E-02  4.752E-02 -2.798E-04  1.675E-03 -3.102E-05 -5.045E-04  8.458E-04 -4.417E-02 -5.510E-05 -3.478E-02
   7.5000000E+01  1.100E+01  2.244E-02  5.828E-02 -6.986E-05  2.801E-03 -4.812E-05 -4.568E-04  1.041E-03 -5.547E-02 -7.251E-05 -4.391E-02
   8.0000000E+01  1.100E+01  2.646E-02  7.132E-02  4.323E-04  4.144E-03 -7.099E-05 -4.094E-04  1.218E-03 -6.804E-02 -9.239E-05 -5.506E-02
   8.5000000E+01  1.100E+01  3.180E-02  8.672E-02  9.227E-04  5.680E-03 -1.000E-04 -2.937E-04  1.397E-03 -8.317E-02 -1.140E-04 -6.827E-02
   9.0000000E+01  1.100E+01  3.783E-02  1.040E-01  1.435E-03  7.329E-03 -1.346E-04 -1.373E-04  1.577E-03 -1.003E-01 -1.361E-04 -8.313E-02
   1.0000000E+02  1.100E+01  4.966E-02  1.383E-01  2.389E-03  1.038E-02 -2.100E-04  2.130E-04  1.953E-03 -1.342E-01 -1.741E-04 -1.125E-01
   1.0500000E+02  1.100E+01  5.358E-02  1.500E-01  2.719E-03  1.134E-02 -2.416E-04  3.395E-04  2.138E-03 -1.458E-01 -1.856E-04 -1.225E-01
   1.1000000E+02  1.100E+01  5.491E-02  1.545E-01  2.881E-03  1.168E-02 -2.626E-04  4.043E-04  2.301E-03 -1.503E-01 -1.898E-04 -1.263E-01
   1.1500000E+02  1.100E+01  5.336E-02  1.508E-01  2.861E-03  1.137E-02 -2.702E-04  4.037E-04  2.418E-03 -1.466E-01 -1.865E-04 -1.231E-01
   1.2000000E+02  1.100E+01  4.940E-02  1.403E-01  2.691E-03  1.053E-02 -2.649E-04  3.507E-04  2.457E-03 -1.361E-01 -1.767E-04 -1.139E-01
   1.2500000E+02  1.100E+01  4.399E-02  1.256E-01  2.427E-03  9.357E-03 -2.498E-04  2.677E-04  2.450E-03 -1.215E-01 -1.625E-04 -1.012E-01
   1.3000000E+02  1.100E+01  3.810E-02  1.094E-01  2.124E-03  8.063E-03 -2.286E-04  1.764E-04  2.387E-03 -1.053E-01 -1.462E-04 -8.721E-02
   1.3500000E+02  1.100E+01  3.243E-02  9.363E-02  1.825E-03  6.800E-03 -2.049E-04  9.211E-05  2.280E-03 -8.961E-02 -1.294E-04 -7.362E-02
   1.4000000E+02  1.100E+01  2.735E-02  7.946E-02  1.551E-03  5.652E-03 -1.811E-04  2.314E-05  2.146E-03 -7.548E-02 -1.133E-04 -6.140E-02
   1.4500000E+02  1.100E+01  2.299E-02  6.726E-02  1.313E-03  4.653E-03 -1.587E-04 -2.781E-05  1.998E-03 -6.330E-02 -9.864E-05 -5.086E-02
   1.5000000E+02  1.100E+01  1.934E-02  5.702E-02  1.110E-03  3.806E-03 -1.385E-04 -6.132E-05  1.847E-03 -5.306E-02 -8.556E-05 -4.201E-02
   1.5500000E+02  1.100E+01  1.632E-02  4.854E-02  9.402E-04  3.098E-03 -1.205E-04 -7.963E-05  1.698E-03 -4.456E-02 -7.411E-05 -3.468E-02
   1.6000000E+02  1.100E+01  1.384E-02  4.156E-02  7.987E-04  2.512E-03 -1.049E-04 -8.551E-05  1.557E-03 -3.755E-02 -6.419E-05 -2.865E-02
   1.7000000E+02  1.100E+01  1.012E-02  3.112E-02  5.831E-04  1.632E-03 -7.968E-05 -7.056E-05  1.301E-03 -2.701E-02 -4.831E-05 -1.961E-02
   1.8000000E+02  1.100E+01  7.580E-03  2.405E-02  4.330E-04  1.035E-03 -6.107E-05 -3.375E-05  1.084E-03 -1.978E-02 -3.668E-05 -1.347E-02
   1.9000000E+02  1.100E+01  5.814E-03  1.918E-02  3.266E-04  6.267E-04 -4.735E-05  1.375E-05  9.047E-04 -1.474E-02 -2.819E-05 -9.211E-03
   2.0000000E+02  1.100E+01  4.557E-03  1.579E-02  2.499E-04  3.426E-04 -3.715E-05  6.527E-05  7.581E-04 -1.115E-02 -2.196E-05 -6.208E-03
