      E_np       q_cm^2      F_L        F_T      F_L20      F_T20      F_LT1M1    F_LT2M1    F_TT2M2    F_'LT1M1   F_'LT2M1   F_'T10 
     [MeV]      [fm^-2]     [fm]       [fm]      [fm]       [fm]        [fm]        [fm]     [fm]        [fm]       [fm]      [fm]
   5.0000000E-03  3.000E+01  2.735E-05  1.335E-05  1.802E-05  9.041E-06  6.856E-11  4.358E-06 -2.218E-05  6.666E-06 -5.152E-11 -1.612E-05
   1.0000000E-02  3.000E+01  1.892E-05  1.773E-05  1.326E-05  1.196E-05 -1.279E-11  5.999E-06 -2.922E-05  5.112E-06  4.146E-11 -2.138E-05
   2.0000000E-02  3.000E+01  1.638E-05  2.228E-05  8.959E-06  1.492E-05 -2.037E-10  8.442E-06 -3.647E-05  3.480E-06  2.547E-10 -2.681E-05
   5.0000000E-02  3.000E+01  1.836E-05  2.648E-05  3.247E-06  1.742E-05 -8.208E-10  1.307E-05 -4.256E-05  1.135E-06  9.351E-10 -3.167E-05
   1.0000000E-01  3.000E+01  2.284E-05  2.674E-05 -1.485E-06  1.707E-05 -1.861E-09  1.804E-05 -4.169E-05 -8.635E-07  2.075E-09 -3.167E-05
   2.0000000E-01  3.000E+01  2.949E-05  2.453E-05 -6.797E-06  1.479E-05 -3.854E-09  2.446E-05 -3.613E-05 -3.127E-06  4.258E-09 -2.851E-05
   3.0000000E-01  3.000E+01  3.419E-05  2.262E-05 -1.016E-05  1.291E-05 -5.706E-09  2.881E-05 -3.160E-05 -4.560E-06  6.285E-09 -2.582E-05
   4.0000000E-01  3.000E+01  3.773E-05  2.120E-05 -1.261E-05  1.146E-05 -7.423E-09  3.204E-05 -2.818E-05 -5.596E-06  8.166E-09 -2.377E-05
   5.0000000E-01  3.000E+01  4.050E-05  2.013E-05 -1.450E-05  1.033E-05 -9.014E-09  3.457E-05 -2.553E-05 -6.390E-06  9.912E-09 -2.218E-05
   7.5000000E-01  3.000E+01  4.530E-05  1.837E-05 -1.779E-05  8.259E-06 -1.252E-08  3.894E-05 -2.091E-05 -7.745E-06  1.377E-08 -1.937E-05
   1.0000000E+00  3.000E+01  4.826E-05  1.735E-05 -1.989E-05  6.804E-06 -1.547E-08  4.167E-05 -1.789E-05 -8.571E-06  1.703E-08 -1.747E-05
   2.0000000E+00  3.000E+01  5.255E-05  1.609E-05 -2.348E-05  3.110E-06 -2.364E-08  4.582E-05 -1.179E-05 -9.711E-06  2.620E-08 -1.317E-05
   3.0000000E+00  3.000E+01  5.267E-05  1.671E-05 -2.439E-05  3.936E-07 -2.844E-08  4.623E-05 -9.024E-06 -9.588E-06  3.181E-08 -1.060E-05
   5.0000000E+00  3.000E+01  5.049E-05  2.041E-05 -2.445E-05 -4.773E-06 -3.332E-08  4.485E-05 -6.237E-06 -8.395E-06  3.823E-08 -6.804E-06
   7.0000000E+00  3.000E+01  4.813E-05  2.610E-05 -2.416E-05 -1.037E-05 -3.507E-08  4.322E-05 -4.750E-06 -6.913E-06  4.157E-08 -3.467E-06
   1.0000000E+01  3.000E+01  4.541E-05  3.725E-05 -2.397E-05 -2.003E-05 -3.457E-08  4.127E-05 -3.384E-06 -4.553E-06  4.371E-08  1.375E-06
   1.5000000E+01  3.000E+01  4.287E-05  6.068E-05 -2.447E-05 -3.860E-05 -2.842E-08  3.955E-05 -2.140E-06 -1.459E-06  4.261E-08  9.992E-06
   2.0000000E+01  3.000E+01  4.203E-05  8.883E-05 -2.571E-05 -5.993E-05 -1.727E-08  3.896E-05 -1.620E-06  2.229E-07  3.692E-08  1.924E-05
   2.5000000E+01  3.000E+01  4.233E-05  1.197E-04 -2.743E-05 -8.255E-05 -1.997E-09  3.869E-05 -1.601E-06  2.806E-07  2.697E-08  2.859E-05
   3.0000000E+01  3.000E+01  4.350E-05  1.527E-04 -2.948E-05 -1.060E-04  1.674E-08  3.840E-05 -2.061E-06 -1.467E-06  1.261E-08  3.774E-05
   3.5000000E+01  3.000E+01  4.538E-05  1.873E-04 -3.176E-05 -1.295E-04  3.843E-08  3.797E-05 -2.903E-06 -5.260E-06 -6.748E-09  4.634E-05
   4.0000000E+01  3.000E+01  4.788E-05  2.230E-04 -3.423E-05 -1.527E-04  6.266E-08  3.725E-05 -4.131E-06 -1.112E-05 -3.233E-08  5.403E-05
   4.5000000E+01  3.000E+01  5.094E-05  2.597E-04 -3.684E-05 -1.751E-04  8.916E-08  3.615E-05 -5.737E-06 -1.905E-05 -6.610E-08  6.051E-05
   5.0000000E+01  3.000E+01  5.453E-05  2.974E-04 -3.957E-05 -1.966E-04  1.178E-07  3.465E-05 -7.715E-06 -2.906E-05 -1.108E-07  6.548E-05
   5.5000000E+01  3.000E+01  5.865E-05  3.361E-04 -4.241E-05 -2.170E-04  1.485E-07  3.271E-05 -1.007E-05 -4.114E-05 -1.700E-07  6.866E-05
   6.0000000E+01  3.000E+01  6.328E-05  3.762E-04 -4.535E-05 -2.360E-04  1.812E-07  3.035E-05 -1.280E-05 -5.529E-05 -2.479E-07  6.975E-05
   6.5000000E+01  3.000E+01  6.843E-05  4.178E-04 -4.837E-05 -2.537E-04  2.159E-07  2.755E-05 -1.592E-05 -7.152E-05 -3.495E-07  6.845E-05
   7.0000000E+01  3.000E+01  7.412E-05  4.613E-04 -5.147E-05 -2.699E-04  2.524E-07  2.432E-05 -1.945E-05 -8.985E-05 -4.804E-07  6.447E-05
   7.5000000E+01  3.000E+01  8.038E-05  5.071E-04 -5.463E-05 -2.846E-04  2.903E-07  2.068E-05 -2.339E-05 -1.103E-04 -6.466E-07  5.746E-05
   8.0000000E+01  3.000E+01  8.723E-05  5.558E-04 -5.785E-05 -2.978E-04  3.291E-07  1.665E-05 -2.762E-05 -1.331E-04 -8.543E-07  4.699E-05
   8.5000000E+01  3.000E+01  9.473E-05  6.076E-04 -6.111E-05 -3.094E-04  3.681E-07  1.224E-05 -3.243E-05 -1.583E-04 -1.110E-06  3.280E-05
   9.0000000E+01  3.000E+01  1.029E-04  6.630E-04 -6.440E-05 -3.191E-04  4.058E-07  7.475E-06 -3.769E-05 -1.859E-04 -1.420E-06  1.442E-05
   1.0000000E+02  3.000E+01  1.216E-04  7.881E-04 -7.098E-05 -3.342E-04  4.696E-07 -3.310E-06 -4.980E-05 -2.497E-04 -2.221E-06 -3.704E-05
   1.0500000E+02  3.000E+01  1.322E-04  8.591E-04 -7.423E-05 -3.392E-04  4.906E-07 -9.249E-06 -5.668E-05 -2.864E-04 -2.721E-06 -7.124E-05
   1.1000000E+02  3.000E+01  1.439E-04  9.369E-04 -7.744E-05 -3.425E-04  5.001E-07 -1.554E-05 -6.413E-05 -3.268E-04 -3.292E-06 -1.120E-04
   1.1500000E+02  3.000E+01  1.566E-04  1.022E-03 -8.057E-05 -3.440E-04  4.944E-07 -2.218E-05 -7.219E-05 -3.713E-04 -3.936E-06 -1.600E-04
   1.2000000E+02  3.000E+01  1.706E-04  1.117E-03 -8.360E-05 -3.436E-04  4.691E-07 -2.916E-05 -8.110E-05 -4.205E-04 -4.654E-06 -2.165E-04
   1.2500000E+02  3.000E+01  1.860E-04  1.221E-03 -8.649E-05 -3.413E-04  4.191E-07 -3.647E-05 -9.049E-05 -4.749E-04 -5.444E-06 -2.820E-04
   1.3000000E+02  3.000E+01  2.030E-04  1.337E-03 -8.922E-05 -3.369E-04  3.384E-07 -4.408E-05 -1.006E-04 -5.353E-04 -6.305E-06 -3.578E-04
   1.3500000E+02  3.000E+01  2.217E-04  1.465E-03 -9.175E-05 -3.304E-04  2.207E-07 -5.200E-05 -1.114E-04 -6.024E-04 -7.230E-06 -4.453E-04
   1.4000000E+02  3.000E+01  2.424E-04  1.608E-03 -9.404E-05 -3.216E-04  5.863E-08 -6.019E-05 -1.230E-04 -6.773E-04 -8.214E-06 -5.460E-04
   1.4500000E+02  3.000E+01  2.653E-04  1.768E-03 -9.606E-05 -3.103E-04 -1.551E-07 -6.865E-05 -1.354E-04 -7.610E-04 -9.249E-06 -6.616E-04
   1.5000000E+02  3.000E+01  2.909E-04  1.947E-03 -9.774E-05 -2.963E-04 -4.279E-07 -7.734E-05 -1.486E-04 -8.549E-04 -1.033E-05 -7.941E-04
   1.5500000E+02  3.000E+01  3.193E-04  2.147E-03 -9.906E-05 -2.795E-04 -7.674E-07 -8.625E-05 -1.624E-04 -9.603E-04 -1.144E-05 -9.457E-04
   1.6000000E+02  3.000E+01  3.510E-04  2.372E-03 -9.994E-05 -2.596E-04 -1.181E-06 -9.533E-05 -1.771E-04 -1.079E-03 -1.257E-05 -1.119E-03
   1.7000000E+02  3.000E+01  4.265E-04  2.910E-03 -1.002E-04 -2.092E-04 -2.263E-06 -1.139E-04 -2.084E-04 -1.365E-03 -1.487E-05 -1.544E-03
   1.8000000E+02  3.000E+01  5.220E-04  3.596E-03 -9.790E-05 -1.423E-04 -3.740E-06 -1.326E-04 -2.425E-04 -1.733E-03 -1.712E-05 -2.100E-03
   1.9000000E+02  3.000E+01  6.439E-04  4.477E-03 -9.247E-05 -5.563E-05 -5.681E-06 -1.510E-04 -2.785E-04 -2.208E-03 -1.920E-05 -2.826E-03
   2.0000000E+02  3.000E+01  8.006E-04  5.612E-03 -8.312E-05  5.456E-05 -8.136E-06 -1.684E-04 -3.150E-04 -2.828E-03 -2.103E-05 -3.775E-03
