      E_np       q_cm^2      F_L        F_T      F_L20      F_T20      F_LT1M1    F_LT2M1    F_TT2M2    F_'LT1M1   F_'LT2M1   F_'T10 
     [MeV]      [fm^-2]     [fm]       [fm]      [fm]       [fm]        [fm]        [fm]     [fm]        [fm]       [fm]      [fm]
   5.0000000E-03  1.600E+01  5.523E-05  5.684E-04  2.940E-05  3.949E-04 -1.183E-10  4.572E-05 -9.663E-04  1.777E-05 -7.149E-11 -6.920E-04
   1.0000000E-02  1.600E+01  5.039E-05  7.523E-04 -1.334E-05  5.220E-04 -1.947E-10  6.607E-05 -1.277E-03 -1.062E-05 -1.693E-11 -9.157E-04
   2.0000000E-02  1.600E+01  6.892E-05  9.434E-04 -6.458E-05  6.527E-04 -3.387E-10  9.501E-05 -1.596E-03 -4.478E-05  1.155E-10 -1.147E-03
   5.0000000E-02  1.600E+01  1.201E-04  1.115E-03 -1.526E-04  7.658E-04 -7.491E-10  1.492E-04 -1.871E-03 -1.037E-04  5.519E-10 -1.352E-03
   1.0000000E-01  1.600E+01  1.786E-04  1.115E-03 -2.407E-04  7.572E-04 -1.395E-09  2.072E-04 -1.849E-03 -1.628E-04  1.294E-09 -1.348E-03
   2.0000000E-01  1.600E+01  2.542E-04  1.006E-03 -3.505E-04  6.680E-04 -2.612E-09  2.817E-04 -1.629E-03 -2.367E-04  2.746E-09 -1.207E-03
   3.0000000E-01  1.600E+01  3.052E-04  9.137E-04 -4.236E-04  5.940E-04 -3.724E-09  3.321E-04 -1.447E-03 -2.861E-04  4.104E-09 -1.088E-03
   4.0000000E-01  1.600E+01  3.431E-04  8.444E-04 -4.778E-04  5.382E-04 -4.763E-09  3.695E-04 -1.310E-03 -3.228E-04  5.384E-09 -9.988E-04
   5.0000000E-01  1.600E+01  3.727E-04  7.913E-04 -5.199E-04  4.949E-04 -5.736E-09  3.986E-04 -1.205E-03 -3.515E-04  6.590E-09 -9.299E-04
   7.5000000E-01  1.600E+01  4.238E-04  7.007E-04 -5.929E-04  4.192E-04 -7.905E-09  4.489E-04 -1.022E-03 -4.015E-04  9.324E-09 -8.106E-04
   1.0000000E+00  1.600E+01  4.557E-04  6.435E-04 -6.384E-04  3.693E-04 -9.784E-09  4.799E-04 -9.032E-04 -4.331E-04  1.172E-08 -7.333E-04
   2.0000000E+00  1.600E+01  5.047E-04  5.387E-04 -7.087E-04  2.633E-04 -1.530E-08  5.255E-04 -6.656E-04 -4.849E-04  1.924E-08 -5.766E-04
   3.0000000E+00  1.600E+01  5.103E-04  5.058E-04 -7.172E-04  2.073E-04 -1.881E-08  5.275E-04 -5.585E-04 -4.958E-04  2.495E-08 -5.045E-04
   5.0000000E+00  1.600E+01  4.964E-04  5.113E-04 -6.969E-04  1.327E-04 -2.195E-08  5.053E-04 -4.506E-04 -4.945E-04  3.401E-08 -4.331E-04
   7.0000000E+00  1.600E+01  4.808E-04  5.606E-04 -6.722E-04  7.086E-05 -2.077E-08  4.798E-04 -3.911E-04 -4.940E-04  4.130E-08 -3.974E-04
   1.0000000E+01  1.600E+01  4.672E-04  6.792E-04 -6.449E-04 -2.093E-05 -1.112E-08  4.473E-04 -3.328E-04 -5.078E-04  4.912E-08 -3.703E-04
   1.5000000E+01  1.600E+01  4.703E-04  9.515E-04 -6.231E-04 -1.808E-04  2.603E-08  4.083E-04 -2.641E-04 -5.780E-04  5.075E-08 -3.593E-04
   2.0000000E+01  1.600E+01  4.999E-04  1.293E-03 -6.198E-04 -3.519E-04  8.825E-08  3.794E-04 -2.086E-04 -7.061E-04  3.010E-08 -3.781E-04
   2.5000000E+01  1.600E+01  5.520E-04  1.685E-03 -6.263E-04 -5.242E-04  1.716E-07  3.521E-04 -1.601E-04 -8.891E-04 -2.752E-08 -4.276E-04
   3.0000000E+01  1.600E+01  6.252E-04  2.124E-03 -6.378E-04 -6.913E-04  2.700E-07  3.229E-04 -1.159E-04 -1.127E-03 -1.468E-07 -5.140E-04
   3.5000000E+01  1.600E+01  7.193E-04  2.613E-03 -6.515E-04 -8.455E-04  3.756E-07  2.906E-04 -7.407E-05 -1.423E-03 -3.663E-07 -6.461E-04
   4.0000000E+01  1.600E+01  8.350E-04  3.156E-03 -6.655E-04 -9.816E-04  4.777E-07  2.540E-04 -3.476E-05 -1.779E-03 -7.408E-07 -8.334E-04
   4.5000000E+01  1.600E+01  9.737E-04  3.761E-03 -6.786E-04 -1.095E-03  5.613E-07  2.134E-04  2.104E-06 -2.199E-03 -1.342E-06 -1.087E-03
   5.0000000E+01  1.600E+01  1.137E-03  4.441E-03 -6.899E-04 -1.182E-03  6.048E-07  1.691E-04  3.631E-05 -2.690E-03 -2.256E-06 -1.420E-03
   5.5000000E+01  1.600E+01  1.329E-03  5.210E-03 -6.988E-04 -1.239E-03  5.775E-07  1.220E-04  6.749E-05 -3.261E-03 -3.583E-06 -1.847E-03
   6.0000000E+01  1.600E+01  1.552E-03  6.089E-03 -7.044E-04 -1.263E-03  4.349E-07  7.283E-05  9.520E-05 -3.926E-03 -5.428E-06 -2.386E-03
   6.5000000E+01  1.600E+01  1.811E-03  7.101E-03 -7.060E-04 -1.251E-03  1.155E-07  2.268E-05  1.190E-04 -4.699E-03 -7.897E-06 -3.058E-03
   7.0000000E+01  1.600E+01  2.113E-03  8.275E-03 -7.027E-04 -1.201E-03 -4.612E-07 -2.741E-05  1.387E-04 -5.602E-03 -1.109E-05 -3.888E-03
   7.5000000E+01  1.600E+01  2.465E-03  9.647E-03 -6.937E-04 -1.109E-03 -1.398E-06 -7.635E-05  1.541E-04 -6.660E-03 -1.511E-05 -4.906E-03
   8.0000000E+01  1.600E+01  2.877E-03  1.126E-02 -6.778E-04 -9.721E-04 -2.824E-06 -1.231E-04  1.649E-04 -7.906E-03 -2.002E-05 -6.150E-03
   8.5000000E+01  1.600E+01  3.361E-03  1.316E-02 -6.538E-04 -7.868E-04 -4.897E-06 -1.659E-04  1.716E-04 -9.381E-03 -2.586E-05 -7.663E-03
   9.0000000E+01  1.600E+01  3.931E-03  1.542E-02 -6.202E-04 -5.454E-04 -7.804E-06 -2.031E-04  1.742E-04 -1.113E-02 -3.264E-05 -9.499E-03
   1.0000000E+02  1.600E+01  5.406E-03  2.132E-02 -5.171E-04  1.075E-04 -1.702E-05 -2.616E-04  1.703E-04 -1.572E-02 -4.882E-05 -1.441E-02
   1.0500000E+02  1.600E+01  6.358E-03  2.515E-02 -4.439E-04  5.312E-04 -2.383E-05 -2.796E-04  1.670E-04 -1.872E-02 -5.799E-05 -1.764E-02
   1.1000000E+02  1.600E+01  7.487E-03  2.971E-02 -3.537E-04  1.025E-03 -3.242E-05 -2.888E-04  1.665E-04 -2.230E-02 -6.766E-05 -2.152E-02
   1.1500000E+02  1.600E+01  8.822E-03  3.512E-02 -2.445E-04  1.591E-03 -4.298E-05 -2.886E-04  1.717E-04 -2.656E-02 -7.758E-05 -2.614E-02
   1.2000000E+02  1.600E+01  1.039E-02  4.147E-02 -1.150E-04  2.233E-03 -5.562E-05 -2.789E-04  1.782E-04 -3.158E-02 -8.742E-05 -3.157E-02
   1.2500000E+02  1.600E+01  1.219E-02  4.880E-02  3.534E-05  2.936E-03 -7.029E-05 -2.603E-04  2.075E-04 -3.740E-02 -9.680E-05 -3.785E-02
   1.3000000E+02  1.600E+01  1.421E-02  5.704E-02  2.050E-04  3.688E-03 -8.671E-05 -2.344E-04  2.564E-04 -4.397E-02 -1.053E-04 -4.491E-02
   1.3500000E+02  1.600E+01  1.640E-02  6.593E-02  3.896E-04  4.459E-03 -1.043E-04 -2.041E-04  3.300E-04 -5.109E-02 -1.124E-04 -5.253E-02
   1.4000000E+02  1.600E+01  1.862E-02  7.497E-02  5.808E-04  5.204E-03 -1.220E-04 -1.732E-04  4.320E-04 -5.835E-02 -1.175E-04 -6.025E-02
   1.4500000E+02  1.600E+01  2.066E-02  8.333E-02  7.659E-04  5.859E-03 -1.384E-04 -1.462E-04  5.637E-04 -6.508E-02 -1.204E-04 -6.738E-02
   1.5000000E+02  1.600E+01  2.229E-02  9.002E-02  9.290E-04  6.356E-03 -1.521E-04 -1.273E-04  7.217E-04 -7.049E-02 -1.206E-04 -7.307E-02
   1.5500000E+02  1.600E+01  2.326E-02  9.405E-02  1.055E-03  6.634E-03 -1.616E-04 -1.196E-04  8.975E-04 -7.377E-02 -1.181E-04 -7.647E-02
   1.6000000E+02  1.600E+01  2.341E-02  9.483E-02  1.132E-03  6.662E-03 -1.660E-04 -1.238E-04  1.078E-03 -7.443E-02 -1.130E-04 -7.708E-02
   1.7000000E+02  1.600E+01  2.141E-02  8.703E-02  1.138E-03  6.033E-03 -1.597E-04 -1.596E-04  1.395E-03 -6.819E-02 -9.732E-05 -7.030E-02
   1.8000000E+02  1.600E+01  1.757E-02  7.180E-02  1.009E-03  4.874E-03 -1.395E-04 -2.060E-04  1.593E-03 -5.592E-02 -7.846E-05 -5.716E-02
   1.9000000E+02  1.600E+01  1.356E-02  5.581E-02  8.351E-04  3.658E-03 -1.147E-04 -2.370E-04  1.662E-03 -4.300E-02 -6.062E-05 -4.338E-02
   2.0000000E+02  1.600E+01  1.022E-02  4.248E-02  6.727E-04  2.628E-03 -9.122E-05 -2.437E-04  1.641E-03 -3.220E-02 -4.572E-05 -3.190E-02
