      E_np       q_cm^2      F_L        F_T      F_L20      F_T20      F_LT1M1    F_LT2M1    F_TT2M2    F_'LT1M1   F_'LT2M1   F_'T10 
     [MeV]      [fm^-2]     [fm]       [fm]      [fm]       [fm]        [fm]        [fm]     [fm]        [fm]       [fm]      [fm]
   5.0000000E-03  1.400E+01  4.112E-05  1.886E-03 -9.883E-06  1.322E-03 -1.140E-10  6.379E-05 -3.236E-03 -8.475E-06 -1.429E-10 -2.303E-03
   1.0000000E-02  1.400E+01  5.869E-05  2.494E-03 -6.690E-05  1.747E-03 -6.556E-11  9.057E-05 -4.278E-03 -5.262E-05 -1.559E-10 -3.045E-03
   2.0000000E-02  1.400E+01  1.002E-04  3.124E-03 -1.385E-04  2.186E-03  6.167E-11  1.280E-04 -5.351E-03 -1.081E-04 -1.578E-10 -3.813E-03
   5.0000000E-02  1.400E+01  1.892E-04  3.683E-03 -2.673E-04  2.567E-03  4.970E-10  2.012E-04 -6.285E-03 -2.086E-04 -1.098E-10 -4.489E-03
   1.0000000E-01  1.400E+01  2.846E-04  3.669E-03 -3.987E-04  2.542E-03  1.244E-09  2.789E-04 -6.223E-03 -3.111E-04  1.073E-11 -4.463E-03
   2.0000000E-01  1.400E+01  4.063E-04  3.283E-03 -5.645E-04  2.250E-03  2.701E-09  3.788E-04 -5.505E-03 -4.408E-04  2.820E-10 -3.979E-03
   3.0000000E-01  1.400E+01  4.881E-04  2.959E-03 -6.753E-04  2.006E-03  4.049E-09  4.462E-04 -4.910E-03 -5.278E-04  5.755E-10 -3.573E-03
   4.0000000E-01  1.400E+01  5.488E-04  2.715E-03 -7.575E-04  1.823E-03  5.296E-09  4.962E-04 -4.461E-03 -5.927E-04  8.656E-10 -3.268E-03
   5.0000000E-01  1.400E+01  5.962E-04  2.528E-03 -8.214E-04  1.681E-03  6.430E-09  5.351E-04 -4.115E-03 -6.433E-04  1.168E-09 -3.032E-03
   7.5000000E-01  1.400E+01  6.784E-04  2.205E-03 -9.319E-04  1.434E-03  8.918E-09  6.020E-04 -3.514E-03 -7.320E-04  1.912E-09 -2.624E-03
   1.0000000E+00  1.400E+01  7.298E-04  1.998E-03 -1.000E-03  1.273E-03  1.101E-08  6.429E-04 -3.123E-03 -7.882E-04  2.658E-09 -2.359E-03
   2.0000000E+00  1.400E+01  8.101E-04  1.598E-03 -1.104E-03  9.403E-04  1.653E-08  7.010E-04 -2.336E-03 -8.818E-04  5.763E-09 -1.826E-03
   3.0000000E+00  1.400E+01  8.215E-04  1.439E-03 -1.113E-03  7.787E-04  1.987E-08  7.006E-04 -1.975E-03 -9.040E-04  9.052E-09 -1.586E-03
   5.0000000E+00  1.400E+01  8.044E-04  1.344E-03 -1.077E-03  5.933E-04  2.553E-08  6.644E-04 -1.605E-03 -9.107E-04  1.602E-08 -1.356E-03
   7.0000000E+00  1.400E+01  7.852E-04  1.371E-03 -1.034E-03  4.666E-04  3.353E-08  6.234E-04 -1.399E-03 -9.220E-04  2.261E-08 -1.250E-03
   1.0000000E+01  1.400E+01  7.735E-04  1.519E-03 -9.862E-04  3.061E-04  5.419E-08  5.687E-04 -1.197E-03 -9.702E-04  2.962E-08 -1.181E-03
   1.5000000E+01  1.400E+01  8.011E-04  1.925E-03 -9.431E-04  5.817E-05  1.168E-07  4.950E-04 -9.688E-04 -1.145E-03  2.469E-08 -1.176E-03
   2.0000000E+01  1.400E+01  8.794E-04  2.462E-03 -9.263E-04 -1.908E-04  2.140E-07  4.310E-04 -7.961E-04 -1.433E-03 -1.874E-08 -1.252E-03
   2.5000000E+01  1.400E+01  1.004E-03  3.096E-03 -9.210E-04 -4.332E-04  3.381E-07  3.656E-04 -6.516E-04 -1.830E-03 -1.320E-07 -1.398E-03
   3.0000000E+01  1.400E+01  1.173E-03  3.822E-03 -9.188E-04 -6.612E-04  4.743E-07  2.944E-04 -5.239E-04 -2.336E-03 -3.649E-07 -1.621E-03
   3.5000000E+01  1.400E+01  1.389E-03  4.645E-03 -9.149E-04 -8.629E-04  6.001E-07  2.169E-04 -4.065E-04 -2.958E-03 -7.901E-07 -1.937E-03
   4.0000000E+01  1.400E+01  1.654E-03  5.576E-03 -9.060E-04 -1.030E-03  6.819E-07  1.332E-04 -2.973E-04 -3.702E-03 -1.507E-06 -2.366E-03
   4.5000000E+01  1.400E+01  1.971E-03  6.638E-03 -8.903E-04 -1.154E-03  6.706E-07  4.473E-05 -1.948E-04 -4.581E-03 -2.638E-06 -2.930E-03
   5.0000000E+01  1.400E+01  2.345E-03  7.860E-03 -8.664E-04 -1.229E-03  4.973E-07 -4.593E-05 -9.853E-05 -5.614E-03 -4.330E-06 -3.659E-03
   5.5000000E+01  1.400E+01  2.782E-03  9.279E-03 -8.328E-04 -1.248E-03  6.526E-08 -1.360E-04 -8.393E-06 -6.826E-03 -6.743E-06 -4.587E-03
   6.0000000E+01  1.400E+01  3.288E-03  1.094E-02 -7.876E-04 -1.205E-03 -7.583E-07 -2.228E-04  7.530E-05 -8.251E-03 -1.004E-05 -5.756E-03
   6.5000000E+01  1.400E+01  3.863E-03  1.291E-02 -7.251E-04 -1.095E-03 -2.150E-06 -3.033E-04  1.523E-04 -9.924E-03 -1.440E-05 -7.219E-03
   7.0000000E+01  1.400E+01  4.413E-03  1.526E-02 -6.081E-04 -9.106E-04 -4.334E-06 -3.760E-04  2.228E-04 -1.182E-02 -1.998E-05 -9.039E-03
   7.5000000E+01  1.400E+01  6.034E-03  1.808E-02 -7.285E-04 -6.457E-04 -7.605E-06 -4.250E-04  2.869E-04 -1.468E-02 -2.688E-05 -1.129E-02
   8.0000000E+01  1.400E+01  6.708E-03  2.148E-02 -5.611E-04 -2.927E-04 -1.227E-05 -4.705E-04  3.441E-04 -1.743E-02 -3.527E-05 -1.408E-02
   8.5000000E+01  1.400E+01  7.863E-03  2.560E-02 -4.391E-04  1.569E-04 -1.873E-05 -4.936E-04  3.980E-04 -2.092E-02 -4.516E-05 -1.751E-02
   9.0000000E+01  1.400E+01  9.286E-03  3.058E-02 -3.050E-04  7.106E-04 -2.743E-05 -4.959E-04  4.482E-04 -2.517E-02 -5.655E-05 -2.171E-02
   1.0000000E+02  1.400E+01  1.304E-02  4.384E-02  2.733E-05  2.161E-03 -5.332E-05 -4.268E-04  5.466E-04 -3.650E-02 -8.332E-05 -3.303E-02
   1.0500000E+02  1.400E+01  1.545E-02  5.241E-02  2.308E-04  3.051E-03 -7.119E-05 -3.576E-04  6.011E-04 -4.386E-02 -9.819E-05 -4.038E-02
   1.1000000E+02  1.400E+01  1.822E-02  6.236E-02  4.586E-04  4.038E-03 -9.241E-05 -2.666E-04  6.651E-04 -5.241E-02 -1.135E-04 -4.893E-02
   1.1500000E+02  1.400E+01  2.131E-02  7.349E-02  7.057E-04  5.089E-03 -1.165E-04 -1.589E-04  7.415E-04 -6.200E-02 -1.284E-04 -5.848E-02
   1.2000000E+02  1.400E+01  2.456E-02  8.527E-02  9.610E-04  6.149E-03 -1.423E-04 -4.263E-05  8.198E-04 -7.216E-02 -1.422E-04 -6.859E-02
   1.2500000E+02  1.400E+01  2.768E-02  9.667E-02  1.206E-03  7.121E-03 -1.679E-04  7.124E-05  9.241E-04 -8.203E-02 -1.537E-04 -7.836E-02
   1.3000000E+02  1.400E+01  3.029E-02  1.063E-01  1.417E-03  7.901E-03 -1.909E-04  1.702E-04  1.037E-03 -9.038E-02 -1.617E-04 -8.658E-02
   1.3500000E+02  1.400E+01  3.196E-02  1.126E-01  1.568E-03  8.384E-03 -2.087E-04  2.435E-04  1.150E-03 -9.585E-02 -1.655E-04 -9.194E-02
   1.4000000E+02  1.400E+01  3.237E-02  1.145E-01  1.641E-03  8.503E-03 -2.193E-04  2.851E-04  1.252E-03 -9.749E-02 -1.646E-04 -9.350E-02
   1.4500000E+02  1.400E+01  3.147E-02  1.117E-01  1.634E-03  8.258E-03 -2.219E-04  2.955E-04  1.333E-03 -9.508E-02 -1.593E-04 -9.105E-02
   1.5000000E+02  1.400E+01  2.947E-02  1.050E-01  1.558E-03  7.711E-03 -2.171E-04  2.808E-04  1.385E-03 -8.923E-02 -1.503E-04 -8.522E-02
   1.5500000E+02  1.400E+01  2.676E-02  9.567E-02  1.434E-03  6.968E-03 -2.063E-04  2.504E-04  1.406E-03 -8.110E-02 -1.389E-04 -7.715E-02
   1.6000000E+02  1.400E+01  2.372E-02  8.515E-02  1.287E-03  6.134E-03 -1.916E-04  2.135E-04  1.399E-03 -7.193E-02 -1.263E-04 -6.807E-02
   1.7000000E+02  1.400E+01  1.787E-02  6.473E-02  9.866E-04  4.505E-03 -1.577E-04  1.457E-04  1.315E-03 -5.411E-02 -1.007E-04 -5.043E-02
   1.8000000E+02  1.400E+01  1.318E-02  4.825E-02  7.354E-04  3.168E-03 -1.256E-04  1.042E-04  1.178E-03 -3.969E-02 -7.837E-05 -3.620E-02
   1.9000000E+02  1.400E+01  9.752E-03  3.620E-02  5.459E-04  2.171E-03 -9.887E-05  9.036E-05  1.026E-03 -2.910E-02 -6.055E-05 -2.577E-02
   2.0000000E+02  1.400E+01  7.319E-03  2.766E-02  4.077E-04  1.451E-03 -7.779E-05  9.675E-05  8.824E-04 -2.155E-02 -4.689E-05 -1.836E-02
